5
0	1192	4800
0	1216	10792
0	1211	16808
0	1162	22819
0	1201	28781
0	1230	34782
0	1240	40812
0	1206	46852
0	1166	52858
0	1156	58824
0	1214	64780
0	1224	70794
0	1232	76818
0	1160	82850
0	1249	88810
0	1151	94859
0	1215	100810
0	1194	106825
0	1161	112819
0	1231	118780
0	1243	124811
0	1179	130854
0	1166	136833
0	1154	142799
0	1218	148753
0	1202	154771
0	1151	160773
0	1210	166724
0	1220	172734
0	1157	178754
0	1187	184711
0	1174	190698
0	1151	196672
0	1195	202623
0	1188	208618
0	1153	214606
0	1194	220559
0	1162	226553
0	1157	232515
0	1235	238472
0	1179	244507
0	1156	250486
0	1170	256442
0	1193	262412
0	1240	268405
0	1156	274445
0	1158	280401
0	1248	286359
0	1194	292407
0	1245	298401
0	1172	304446
0	1179	310418
0	1217	316397
0	1213	322414
0	1151	328427
0	1177	334378
0	1152	340355
0	1155	346307
0	1198	352262
0	1210	358260
0	1155	364270
0	1183	370225
0	1193	376208
0	1223	382201
0	1201	388224
0	1165	394225
0	1217	400190
0	1180	406207
0	1249	412187
0	1236	418236
0	1223	424272
0	1227	430295
0	1213	436322
0	1173	442335
0	1226	448308
0	1228	454334
0	1228	460362
0	1189	466390
0	1220	472379
0	1153	478399
0	1234	484352
0	1169	490386
0	1193	496355
0	1235	502348
0	1192	508383
0	1182	514375
0	1236	520357
0	1209	526393
0	1231	532402
0	1161	538433
0	1191	544394
0	1171	550385
0	1226	556356
0	1246	562382
0	1199	568428
0	1176	574427
0	1206	580403
0	1215	586409
0	1217	592424
0	1186	598441
0	1173	604427
0	1220	610400
0	1213	616420
0	1175	622433
0	1196	628408
0	1238	634404
0	1249	640442
0	1241	646491
0	1188	652532
0	1152	658520
0	1207	664472
0	1230	670479
0	1172	676509
0	1210	682481
0	1192	688491
0	1175	694483
0	1207	700458
0	1240	706465
0	1211	712505
0	1231	718516
0	1224	724547
0	1178	730571
0	1212	736549
0	1166	742561
0	1239	748527
0	1185	754566
0	1154	760551
0	1248	766505
0	1197	772553
0	1228	778550
0	1186	784578
0	1153	790564
0	1213	796517
0	1234	802530
0	1223	808564
0	1189	814587
0	1179	820576
0	1234	826555
0	1165	832589
0	1210	838554
0	1180	844564
0	1180	850544
0	1232	856524
0	1201	862556
0	1195	868557
0	1217	874552
0	1167	880569
0	1181	886536
0	1233	892517
0	1212	898550
0	1167	904562
0	1153	910529
0	1153	916482
0	1179	922435
0	1248	928414
0	1232	934462
0	1200	940494
0	1151	946494
0	1211	952445
0	1229	958456
0	1226	964485
0	1211	970511
0	1190	976522
0	1182	982512
0	1212	988494
0	1205	994506
0	1210	1000511
0	1153	1006521
0	1180	1012474
0	1162	1018454
0	1229	1024416
0	1200	1030445
0	1177	1036445
0	1230	1042422
0	1163	1048452
0	1209	1054415
0	1171	1060424
0	1223	1066395
0	1211	1072418
0	1197	1078429
0	1180	1084426
0	1197	1090406
0	1190	1096403
0	1221	1102393
0	1200	1108414
0	1188	1114414
0	1228	1120402
0	1245	1126430
0	1207	1132475
0	1162	1138482
0	1215	1144444
0	1218	1150459
0	1163	1156477
0	1158	1162440
0	1190	1168398
0	1197	1174388
0	1183	1180385
0	1241	1186368
0	1249	1192409
0	1192	1198458
0	1152	1204450
0	1227	1210402
0	1236	1216429
0	1195	1222465
0	1212	1228460
0	1200	1234472
0	1164	1240472
0	1226	1246436
0	1194	1252462
0	1182	1258456
0	1189	1264438
0	1190	1270427
0	1233	1276417
0	1211	1282450
0	1189	1288461
0	1160	1294450
0	1231	1300410
0	1229	1306441
0	1189	1312470
0	1217	1318459
0	1178	1324476
0	1171	1330454
0	1194	1336425
0	1193	1342419
0	1192	1348412
0	1235	1354404
0	1177	1360439
0	1182	1366416
0	1203	1372398
0	1234	1378401
0	1219	1384435
0	1165	1390454
0	1169	1396419
0	1171	1402388
0	1232	1408359
0	1164	1414391
0	1169	1420355
0	1244	1426324
0	1162	1432368
0	1182	1438330
0	1153	1444312
0	1202	1450265
0	1235	1456267
0	1244	1462302
0	1225	1468346
0	1156	1474371
0	1237	1480327
0	1223	1486364
0	1162	1492387
0	1212	1498349
0	1152	1504361
0	1219	1510313
0	1183	1516332
0	1158	1522315
0	1193	1528273
0	1195	1534266
0	1157	1540261
0	1198	1546218
0	1245	1552216
0	1229	1558261
0	1153	1564290
0	1188	1570243
0	1207	1576231
0	1194	1582238
0	1247	1588232
0	1195	1594279
0	1174	1600274
0	1245	1606248
0	1178	1612293
0	1248	1618271
0	1232	1624319
0	1212	1630351
0	1232	1636363
0	1236	1642395
0	1199	1648431
0	1185	1654430
0	1216	1660415
0	1195	1666431
0	1246	1672426
0	1185	1678472
0	1219	1684457
0	1229	1690476
0	1244	1696505
0	1236	1702549
0	1224	1708585
0	1152	1714609
0	1221	1720561
0	1151	1726582
0	1213	1732533
0	1214	1738546
0	1181	1744560
0	1227	1750541
0	1152	1756568
0	1161	1762520
0	1243	1768481
0	1202	1774524
0	1184	1780526
0	1240	1786510
0	1191	1792550
0	1163	1798541
0	1156	1804504
0	1198	1810460
0	1216	1816458
0	1241	1822474
0	1235	1828515
0	1167	1834550
0	1183	1840517
0	1212	1846500
0	1209	1852512
0	1183	1858521
0	1157	1864504
0	1241	1870461
0	1160	1876502
0	1192	1882462
0	1233	1888454
0	1236	1894487
0	1224	1900523
0	1176	1906547
0	1236	1912523
0	1209	1918559
0	1222	1924568
0	1238	1930590
0	1180	1936628
0	1161	1942608
0	1243	1948569
0	1156	1954612
0	1160	1960568
0	1198	1966528
0	1221	1972526
0	1175	1978547
0	1199	1984522
0	1157	1990521
0	1162	1996478
0	1195	2002440
0	1161	2008435
0	1185	2014396
0	1227	2020381
0	1234	2026408
0	1236	2032442
0	1181	2038478
0	1188	2044459
0	1190	2050447
0	1162	2056437
0	1151	2062399
0	1188	2068350
0	1177	2074338
0	1183	2080315
0	1176	2086298
0	1247	2092274
0	1216	2098321
0	1240	2104337
0	1206	2110377
0	1152	2116383
0	1187	2122335
0	1192	2128322
0	1246	2134314
0	1195	2140360
0	1208	2146355
0	1174	2152363
0	1154	2158337
0	1243	2164291
0	1208	2170334
0	1210	2176342
0	1152	2182352
0	1177	2188304
0	1186	2194281
0	1178	2200267
0	1172	2206245
0	1213	2212217
0	1187	2218230
0	1156	2224217
0	1182	2230173
0	1179	2236155
0	1178	2242134
0	1155	2248112
0	1190	2254067
0	1216	2260057
0	1214	2266073
0	1244	2272087
0	1218	2278131
0	1241	2284149
0	1220	2290190
0	1206	2296210
0	1159	2302216
0	1212	2308175
0	1152	2314187
0	1190	2320139
0	1186	2326129
0	1215	2332115
0	1222	2338130
0	1196	2344152
0	1243	2350148
0	1186	2356191
0	1240	2362177
0	1194	2368217
0	1240	2374211
0	1208	2380251
0	1219	2386259
0	1241	2392278
0	1205	2398319
0	1229	2404324
0	1246	2410353
0	1210	2416399
0	1171	2422409
0	1241	2428380
0	1179	2434421
0	1196	2440400
0	1237	2446396
0	1242	2452433
0	1189	2458475
0	1169	2464464
0	1190	2470433
0	1210	2476423
0	1212	2482433
0	1234	2488445
0	1173	2494479
0	1223	2500452
0	1239	2506475
0	1160	2512514
0	1247	2518474
0	1216	2524521
0	1216	2530537
0	1162	2536553
0	1182	2542515
0	1181	2548497
0	1222	2554478
0	1238	2560500
0	1200	2566538
0	1230	2572538
0	1233	2578568
0	1198	2584601
0	1237	2590599
0	1172	2596636
0	1216	2602608
0	1205	2608624
0	1208	2614629
0	1182	2620637
0	1214	2626619
0	1211	2632633
0	1188	2638644
0	1249	2644632
0	1166	2650681
0	1237	2656647
0	1249	2662684
0	1207	2668733
0	1241	2674740
0	1228	2680781
0	1192	2686809
0	1194	2692801
0	1229	2698795
0	1216	2704824
0	1173	2710840
0	1182	2716813
0	1201	2722795
0	1195	2728796
0	1198	2734791
0	1222	2740789
0	1248	2746811
0	1163	2752859
0	1223	2758822
0	1229	2764845
0	1156	2770874
0	1205	2776830
0	1167	2782835
0	1236	2788802
0	1200	2794838
0	1156	2800838
0	1224	2806794
0	1186	2812818
0	1236	2818804
0	1215	2824840
0	1178	2830855
0	1239	2836833
0	1248	2842872
0	1230	2848920
0	1193	2854950
0	1152	2860943
0	1248	2866895
0	1192	2872943
0	1157	2878935
0	1229	2884892
0	1157	2890921
0	1153	2896878
0	1207	2902831
0	1168	2908838
0	1180	2914806
0	1183	2920786
0	1227	2926769
0	1159	2932796
0	1177	2938755
0	1228	2944732
0	1186	2950760
0	1195	2956746
0	1241	2962741
0	1200	2968782
0	1175	2974782
0	1200	2980757
0	1242	2986757
0	1197	2992799
0	1218	2998796
0	1187	3004814
0	1184	3010801
0	1151	3016785
0	1152	3022736
0	1184	3028688
0	1160	3034672
0	1209	3040632
0	1171	3046641
0	1177	3052612
0	1167	3058589
0	1165	3064556
0	1200	3070521
0	1173	3076521
0	1228	3082494
0	1202	3088522
0	1157	3094524
0	1228	3100481
0	1177	3106509
0	1193	3112486
0	1243	3118479
0	1203	3124522
0	1169	3130525
0	1198	3136494
0	1229	3142492
0	1220	3148521
0	1228	3154541
0	1184	3160569
0	1172	3166553
0	1211	3172525
0	1217	3178536
0	1207	3184553
0	1172	3190560
0	1151	3196532
0	1177	3202483
0	1164	3208460
0	1242	3214424
0	1202	3220466
0	1240	3226468
0	1228	3232508
0	1246	3238536
0	1197	3244582
0	1234	3250579
0	1167	3256613
0	1159	3262580
0	1160	3268539
0	1155	3274499
0	1232	3280454
0	1166	3286486
0	1173	3292452
0	1187	3298425
0	1200	3304412
0	1194	3310412
0	1185	3316406
0	1155	3322391
0	1202	3328346
0	1181	3334348
0	1239	3340329
0	1220	3346368
0	1240	3352388
0	1180	3358428
0	1214	3364408
0	1215	3370422
0	1174	3376437
0	1195	3382411
0	1191	3388406
0	1228	3394397
0	1199	3400425
0	1182	3406424
0	1169	3412406
0	1187	3418375
0	1173	3424362
0	1165	3430335
0	1201	3436300
0	1247	3442301
0	1179	3448348
0	1212	3454327
0	1204	3460339
0	1210	3466343
0	1164	3472353
0	1226	3478317
0	1228	3484343
0	1152	3490371
0	1246	3496323
0	1176	3502369
0	1201	3508345
0	1229	3514346
0	1245	3520375
0	1180	3526420
0	1180	3532400
0	1197	3538380
0	1177	3544377
0	1232	3550354
0	1198	3556386
0	1168	3562384
0	1162	3568352
0	1196	3574314
0	1204	3580310
0	1186	3586314
0	1219	3592300
0	1234	3598319
0	1235	3604353
0	1196	3610388
0	1217	3616384
0	1154	3622401
0	1178	3628355
0	1224	3634333
0	1246	3640357
0	1156	3646403
0	1212	3652359
0	1222	3658371
0	1211	3664393
0	1210	3670404
0	1153	3676414
0	1163	3682367
0	1229	3688330
0	1234	3694359
0	1225	3700393
0	1168	3706418
0	1222	3712386
0	1246	3718408
0	1244	3724454
0	1237	3730498
0	1180	3736535
0	1204	3742515
0	1165	3748519
0	1197	3754484
0	1226	3760481
0	1170	3766507
0	1239	3772477
0	1189	3778516
0	1155	3784505
0	1156	3790460
0	1193	3796416
0	1151	3802409
0	1217	3808360
0	1151	3814377
0	1248	3820328
0	1202	3826376
0	1203	3832378
0	1181	3838381
0	1211	3844362
0	1180	3850373
0	1153	3856353
0	1220	3862306
0	1153	3868326
0	1185	3874279
0	1203	3880264
0	1184	3886267
0	1208	3892251
0	1163	3898259
0	1173	3904222
0	1173	3910195
0	1221	3916168
0	1191	3922189
0	1215	3928180
0	1162	3934195
0	1232	3940157
0	1192	3946189
0	1242	3952181
0	1223	3958223
0	1177	3964246
0	1167	3970223
0	1168	3976190
0	1178	3982158
0	1241	3988136
0	1225	3994177
0	1213	4000202
0	1247	4006215
0	1246	4012262
0	1159	4018308
0	1222	4024267
0	1197	4030289
0	1212	4036286
0	1166	4042298
0	1220	4048264
0	1174	4054284
0	1237	4060258
0	1209	4066295
0	1213	4072304
0	1151	4078317
0	1227	4084268
0	1198	4090295
0	1153	4096293
0	1222	4102246
0	1212	4108268
0	1249	4114280
0	1239	4120329
0	1240	4126368
0	1156	4132408
0	1199	4138364
0	1157	4144363
0	1214	4150320
0	1245	4156334
0	1242	4162379
0	1154	4168421
0	1216	4174375
0	1200	4180391
0	1210	4186391
0	1176	4192401
0	1172	4198377
0	1207	4204349
0	1153	4210356
0	1200	4216309
0	1172	4222309
0	1198	4228281
0	1224	4234279
0	1221	4240303
0	1210	4246324
0	1194	4252334
0	1230	4258328
0	1161	4264358
0	1249	4270319
0	1151	4276368
0	1236	4282319
0	1231	4288355
0	1183	4294386
0	1191	4300369
0	1160	4306360
0	1233	4312320
0	1156	4318353
0	1167	4324309
0	1154	4330276
0	1169	4336230
0	1219	4342199
0	1164	4348218
0	1182	4354182
0	1161	4360164
0	1208	4366125
0	1235	4372133
0	1170	4378168
0	1160	4384138
0	1181	4390098
0	1190	4396079
0	1199	4402069
0	1248	4408068
0	1194	4414116
0	1224	4420110
0	1242	4426134
0	1179	4432176
0	1219	4438155
0	1185	4444174
0	1245	4450159
0	1176	4456204
0	1178	4462180
0	1226	4468158
0	1238	4474184
0	1222	4480222
0	1215	4486244
0	1185	4492259
0	1154	4498244
0	1177	4504198
0	1216	4510175
0	1160	4516191
0	1223	4522151
0	1239	4528174
0	1230	4534213
0	1197	4540243
0	1245	4546240
0	1234	4552285
0	1167	4558319
0	1207	4564286
0	1219	4570293
0	1193	4576312
0	1189	4582305
0	1216	4588294
0	1161	4594310
0	1231	4600271
0	1162	4606302
0	1167	4612264
0	1162	4618231
0	1195	4624193
0	1198	4630188
0	1176	4636186
0	1183	4642162
0	1235	4648145
0	1234	4654180
0	1202	4660214
0	1201	4666216
0	1224	4672217
0	1249	4678241
0	1182	4684290
0	1205	4690272
0	1227	4696277
0	1193	4702304
0	1176	4708297
0	1181	4714273
0	1216	4720254
0	1171	4726270
0	1151	4732241
0	1189	4738192
0	1189	4744181
0	1168	4750170
0	1161	4756138
0	1233	4762099
0	1190	4768132
0	1218	4774122
0	1247	4780140
0	1173	4786187
0	1209	4792160
0	1205	4798169
0	1168	4804174
0	1210	4810142
0	1153	4816152
0	1232	4822105
0	1189	4828137
0	1249	4834126
0	1192	4840175
0	1175	4846167
0	1167	4852142
0	1231	4858109
0	1200	4864140
0	1192	4870140
0	1161	4876132
0	1216	4882093
0	1243	4888109
0	1183	4894152
0	1234	4900135
0	1202	4906169
0	1194	4912171
0	1239	4918165
0	1179	4924204
0	1169	4930183
0	1201	4936152
0	1156	4942153
0	1215	4948109
0	1171	4954124
0	1187	4960095
0	1171	4966082
0	1172	4972053
0	1181	4978025
0	1221	4984006
0	1221	4990027
0	1233	4996048
0	1172	5002081
0	1225	5008053
1	1202	4800
1	1172	10802
1	1211	16774
1	1230	22785
1	1172	28815
1	1207	34787
1	1229	40794
1	1173	46823
1	1166	52796
1	1151	58762
1	1223	64713
1	1221	70736
1	1220	76757
1	1178	82777
1	1197	88755
1	1189	94752
1	1181	100741
1	1224	106722
1	1185	112746
1	1238	118731
1	1186	124769
1	1205	130755
1	1229	136760
1	1200	142789
1	1228	148789
1	1226	154817
1	1215	160843
1	1187	166858
1	1238	172845
1	1233	178883
1	1161	184916
1	1226	190877
1	1214	196903
1	1203	202917
1	1195	208920
1	1156	214915
1	1219	220871
1	1214	226890
1	1213	232904
1	1249	238917
1	1169	244966
1	1209	250935
1	1227	256944
1	1158	262971
1	1204	268929
1	1240	274933
1	1242	280973
1	1247	287015
1	1175	293062
1	1185	299037
1	1243	305022
1	1195	311065
1	1173	317060
1	1226	323033
1	1229	329059
1	1216	335088
1	1182	341104
1	1242	347086
1	1189	353128
1	1226	359117
1	1210	365143
1	1242	371153
1	1242	377195
1	1170	383237
1	1154	389207
1	1218	395161
1	1207	401179
1	1198	407186
1	1154	413184
1	1187	419138
1	1155	425125
1	1176	431080
1	1169	437056
1	1233	443025
1	1151	449058
1	1239	455009
1	1247	461048
1	1249	467095
1	1172	473144
1	1178	479116
1	1160	485094
1	1193	491054
1	1245	497047
1	1169	503092
1	1181	509061
1	1218	515042
1	1214	521060
1	1204	527074
1	1173	533078
1	1214	539051
1	1208	545065
1	1223	551073
1	1228	557096
1	1199	563124
1	1164	569123
1	1168	575087
1	1169	581055
1	1156	587024
1	1197	592980
1	1244	598977
1	1195	605021
1	1178	611016
1	1249	616994
1	1200	623043
1	1203	629043
1	1188	635046
1	1225	641034
1	1163	647059
1	1156	653022
1	1249	658978
1	1161	665027
1	1200	670988
1	1172	676988
1	1236	682960
1	1201	688996
1	1154	694997
1	1233	700951
1	1165	706984
1	1181	712949
1	1248	718930
1	1176	724978
1	1192	730954
1	1228	736946
1	1195	742974
1	1166	748969
1	1185	754935
1	1212	760920
1	1245	766932
1	1177	772977
1	1234	778954
1	1219	784988
1	1203	791007
1	1225	797010
1	1160	803035
1	1211	808995
1	1185	815006
1	1232	820991
1	1161	827023
1	1197	832984
1	1166	838981
1	1230	844947
1	1242	850977
1	1156	857019
1	1232	862975
1	1215	869007
1	1195	875022
1	1168	881017
1	1165	886985
1	1244	892950
1	1222	898994
1	1234	905016
1	1211	911050
1	1195	917061
1	1200	923056
1	1217	929056
1	1193	935073
1	1236	941066
1	1243	947102
1	1206	953145
1	1189	959151
1	1195	965140
1	1157	971135
1	1248	977092
1	1183	983140
1	1182	989123
1	1215	995105
1	1183	1001120
1	1215	1007103
1	1186	1013118
1	1153	1019104
1	1154	1025057
1	1198	1031011
1	1201	1037009
1	1167	1043010
1	1224	1048977
1	1192	1055001
1	1158	1060993
1	1198	1066951
1	1211	1072949
1	1181	1078960
1	1179	1084941
1	1182	1090920
1	1169	1096902
1	1221	1102871
1	1186	1108892
1	1187	1114878
1	1154	1120865
1	1236	1126819
1	1194	1132855
1	1209	1138849
1	1203	1144858
1	1203	1150861
1	1193	1156864
1	1232	1162857
1	1196	1168889
1	1199	1174885
1	1178	1180884
1	1157	1186862
1	1181	1192819
1	1163	1198800
1	1159	1204763
1	1173	1210722
1	1190	1216695
1	1208	1222685
1	1172	1228693
1	1194	1234665
1	1223	1240659
1	1223	1246682
1	1243	1252705
1	1219	1258748
1	1204	1264767
1	1214	1270771
1	1234	1276785
1	1233	1282819
1	1166	1288852
1	1184	1294818
1	1210	1300802
1	1185	1306812
1	1240	1312797
1	1160	1318837
1	1236	1324797
1	1168	1330833
1	1234	1336801
1	1216	1342835
1	1177	1348851
1	1225	1354828
1	1166	1360853
1	1210	1366819
1	1248	1372829
1	1160	1378877
1	1164	1384837
1	1151	1390801
1	1223	1396752
1	1181	1402775
1	1187	1408756
1	1161	1414743
1	1200	1420704
1	1245	1426704
1	1200	1432749
1	1164	1438749
1	1243	1444713
1	1188	1450756
1	1226	1456744
1	1211	1462770
1	1156	1468781
1	1184	1474737
1	1232	1480721
1	1212	1486753
1	1211	1492765
1	1215	1498776
1	1162	1504791
1	1189	1510753
1	1160	1516742
1	1242	1522702
1	1169	1528744
1	1189	1534713
1	1198	1540702
1	1236	1546700
1	1227	1552736
1	1178	1558763
1	1229	1564741
1	1237	1570770
1	1223	1576807
1	1154	1582830
1	1164	1588784
1	1235	1594748
1	1217	1600783
1	1173	1606800
1	1202	1612773
1	1248	1618775
1	1213	1624823
1	1209	1630836
1	1217	1636845
1	1222	1642862
1	1213	1648884
1	1168	1654897
1	1163	1660865
1	1174	1666828
1	1151	1672802
1	1200	1678753
1	1205	1684753
1	1200	1690758
1	1240	1696758
1	1247	1702798
1	1208	1708845
1	1202	1714853
1	1194	1720855
1	1158	1726849
1	1177	1732807
1	1198	1738784
1	1223	1744782
1	1245	1750805
1	1243	1756850
1	1226	1762893
1	1201	1768919
1	1224	1774920
1	1240	1780944
1	1182	1786984
1	1183	1792966
1	1178	1798949
1	1182	1804927
1	1200	1810909
1	1185	1816909
1	1230	1822894
1	1213	1828924
1	1200	1834937
1	1217	1840937
1	1176	1846954
1	1213	1852930
1	1238	1858943
1	1155	1864981
1	1199	1870936
1	1216	1876935
1	1205	1882951
1	1242	1888956
1	1180	1894998
1	1180	1900978
1	1200	1906958
1	1230	1912958
1	1208	1918988
1	1164	1924996
1	1200	1930960
1	1187	1936960
1	1249	1942947
1	1228	1948996
1	1204	1955024
1	1229	1961028
1	1243	1967057
1	1175	1973100
1	1156	1979075
1	1166	1985031
1	1218	1990997
1	1178	1997015
1	1172	2002993
1	1168	2008965
1	1200	2014933
1	1181	2020933
1	1239	2026914
1	1194	2032953
1	1200	2038947
1	1189	2044947
1	1185	2050936
1	1241	2056921
1	1231	2062962
1	1217	2068993
1	1220	2075010
1	1191	2081030
1	1205	2087021
1	1227	2093026
1	1230	2099053
1	1167	2105083
1	1162	2111050
1	1220	2117012
1	1243	2123032
1	1199	2129075
1	1154	2135074
1	1183	2141028
1	1233	2147011
1	1199	2153044
1	1187	2159043
1	1163	2165030
1	1215	2170993
1	1215	2177008
1	1163	2183023
1	1247	2188986
1	1224	2195033
1	1249	2201057
1	1242	2207106
1	1217	2213148
1	1216	2219165
1	1217	2225181
1	1167	2231198
1	1196	2237165
1	1195	2243161
1	1196	2249156
1	1230	2255152
1	1212	2261182
1	1238	2267194
1	1213	2273232
1	1196	2279245
1	1210	2285241
1	1210	2291251
1	1220	2297261
1	1197	2303281
1	1222	2309278
1	1214	2315300
1	1164	2321314
1	1201	2327278
1	1234	2333279
1	1220	2339313
1	1151	2345333
1	1230	2351284
1	1213	2357314
1	1200	2363327
1	1159	2369327
1	1233	2375286
1	1166	2381319
1	1165	2387285
1	1174	2393250
1	1224	2399224
1	1235	2405248
1	1202	2411283
1	1222	2417285
1	1187	2423307
1	1209	2429294
1	1152	2435303
1	1243	2441255
1	1197	2447298
1	1231	2453295
1	1186	2459326
1	1213	2465312
1	1174	2471325
1	1154	2477299
1	1198	2483253
1	1220	2489251
1	1189	2495271
1	1194	2501260
1	1184	2507254
1	1210	2513238
1	1208	2519248
1	1242	2525256
1	1215	2531298
1	1194	2537313
1	1175	2543307
1	1209	2549282
1	1206	2555291
1	1222	2561297
1	1188	2567319
1	1156	2573307
1	1205	2579263
1	1185	2585268
1	1151	2591253
1	1159	2597204
1	1224	2603163
1	1164	2609187
1	1202	2615151
1	1226	2621153
1	1197	2627179
1	1235	2633176
1	1190	2639211
1	1155	2645201
1	1162	2651156
1	1163	2657118
1	1244	2663081
1	1240	2669125
1	1217	2675165
1	1221	2681182
1	1182	2687203
1	1160	2693185
1	1233	2699145
1	1216	2705178
1	1164	2711194
1	1212	2717158
1	1221	2723170
1	1244	2729191
1	1190	2735235
1	1195	2741225
1	1202	2747220
1	1202	2753222
1	1192	2759224
1	1239	2765216
1	1179	2771255
1	1205	2777234
1	1199	2783239
1	1235	2789238
1	1156	2795273
1	1204	2801229
1	1159	2807233
1	1151	2813192
1	1208	2819143
1	1249	2825151
1	1234	2831200
1	1167	2837234
1	1209	2843201
1	1221	2849210
1	1245	2855231
1	1225	2861276
1	1230	2867301
1	1239	2873331
1	1175	2879370
1	1229	2885345
1	1206	2891374
1	1161	2897380
1	1164	2903341
1	1249	2909305
1	1239	2915354
1	1199	2921393
1	1190	2927392
1	1185	2933382
1	1157	2939367
1	1237	2945324
1	1246	2951361
1	1216	2957407
1	1240	2963423
1	1233	2969463
1	1173	2975496
1	1187	2981469
1	1227	2987456
1	1234	2993483
1	1197	2999517
1	1202	3005514
1	1201	3011516
1	1218	3017517
1	1161	3023535
1	1227	3029496
1	1208	3035523
1	1188	3041531
1	1224	3047519
1	1179	3053543
1	1209	3059522
1	1208	3065531
1	1247	3071539
1	1202	3077586
1	1184	3083588
1	1202	3089572
1	1176	3095574
1	1224	3101550
1	1234	3107574
1	1217	3113608
1	1234	3119625
1	1208	3125659
1	1192	3131667
1	1222	3137659
1	1222	3143681
1	1167	3149703
1	1233	3155670
1	1164	3161703
1	1185	3167667
1	1173	3173652
1	1171	3179625
1	1205	3185596
1	1176	3191601
1	1155	3197577
1	1161	3203532
1	1187	3209493
1	1165	3215480
1	1174	3221445
1	1198	3227419
1	1160	3233417
1	1239	3239377
1	1247	3245416
1	1155	3251463
1	1171	3257418
1	1197	3263389
1	1199	3269386
1	1181	3275385
1	1176	3281366
1	1213	3287342
1	1174	3293355
1	1222	3299329
1	1246	3305351
1	1154	3311397
1	1168	3317351
1	1169	3323319
1	1238	3329288
1	1223	3335326
1	1178	3341349
1	1151	3347327
1	1237	3353278
1	1159	3359315
1	1188	3365274
1	1171	3371262
1	1194	3377233
1	1220	3383227
1	1187	3389247
1	1192	3395234
1	1188	3401226
1	1193	3407214
1	1240	3413207
1	1212	3419247
1	1238	3425259
1	1188	3431297
1	1249	3437285
1	1225	3443334
1	1187	3449359
1	1205	3455346
1	1213	3461351
1	1180	3467364
1	1224	3473344
1	1153	3479368
1	1218	3485321
1	1193	3491339
1	1159	3497332
1	1190	3503291
1	1220	3509281
1	1195	3515301
1	1207	3521296
1	1179	3527303
1	1199	3533282
1	1234	3539281
1	1214	3545315
1	1162	3551329
1	1175	3557291
1	1163	3563266
1	1194	3569229
1	1189	3575223
1	1174	3581212
1	1200	3587186
1	1151	3593186
1	1156	3599137
1	1216	3605093
1	1164	3611109
1	1242	3617073
1	1159	3623115
1	1184	3629074
1	1203	3635058
1	1166	3641061
1	1238	3647027
1	1201	3653065
1	1172	3659066
1	1245	3665038
1	1160	3671083
1	1213	3677043
1	1243	3683056
1	1222	3689099
1	1181	3695121
1	1200	3701102
1	1154	3707102
1	1183	3713056
1	1154	3719039
1	1217	3724993
1	1200	3731010
1	1174	3737010
1	1159	3742984
1	1174	3748943
1	1243	3754917
1	1227	3760960
1	1170	3766987
1	1194	3772957
1	1194	3778951
1	1229	3784945
1	1166	3790974
1	1214	3796940
1	1222	3802954
1	1157	3808976
1	1206	3814933
1	1177	3820939
1	1176	3826916
1	1233	3832892
1	1155	3838925
1	1180	3844880
1	1241	3850860
1	1170	3856901
1	1151	3862871
1	1218	3868822
1	1151	3874840
1	1190	3880791
1	1151	3886781
1	1152	3892732
1	1162	3898684
1	1246	3904646
1	1196	3910692
1	1164	3916688
1	1181	3922652
1	1232	3928633
1	1192	3934665
1	1188	3940657
1	1206	3946645
1	1185	3952651
1	1204	3958636
1	1161	3964640
1	1214	3970601
1	1154	3976615
1	1194	3982569
1	1172	3988563
1	1245	3994535
1	1199	4000580
1	1160	4006579
1	1244	4012539
1	1242	4018583
1	1213	4024625
1	1157	4030638
1	1160	4036595
1	1159	4042555
1	1163	4048514
1	1178	4054477
1	1193	4060455
1	1161	4066448
1	1214	4072409
1	1240	4078423
1	1186	4084463
1	1151	4090449
1	1151	4096400
1	1192	4102351
1	1236	4108343
1	1204	4114379
1	1200	4120383
1	1186	4126383
1	1176	4132369
1	1206	4138345
1	1188	4144351
1	1229	4150339
1	1185	4156368
1	1191	4162353
1	1213	4168344
1	1159	4174357
1	1175	4180316
1	1216	4186291
1	1215	4192307
1	1238	4198322
1	1183	4204360
1	1155	4210343
1	1241	4216298
1	1151	4222339
1	1203	4228290
1	1210	4234293
1	1249	4240303
1	1232	4246352
1	1217	4252384
1	1201	4258401
1	1196	4264402
1	1152	4270398
1	1178	4276350
1	1176	4282328
1	1171	4288304
1	1164	4294275
1	1158	4300239
1	1189	4306197
1	1241	4312186
1	1180	4318227
1	1173	4324207
1	1151	4330180
1	1179	4336131
1	1153	4342110
1	1157	4348063
1	1213	4354020
1	1159	4360033
1	1239	4365992
1	1211	4372031
1	1219	4378042
1	1206	4384061
1	1217	4390067
1	1181	4396084
1	1176	4402065
1	1194	4408041
1	1245	4414035
1	1203	4420080
1	1249	4426083
1	1169	4432132
1	1183	4438101
1	1244	4444084
1	1228	4450128
1	1244	4456156
1	1223	4462200
1	1171	4468223
1	1243	4474194
1	1187	4480237
1	1178	4486224
1	1248	4492202
1	1160	4498250
1	1189	4504210
1	1182	4510199
1	1231	4516181
1	1203	4522212
1	1232	4528215
1	1242	4534247
1	1157	4540289
1	1242	4546246
1	1233	4552288
1	1211	4558321
1	1242	4564332
1	1224	4570374
1	1163	4576398
1	1193	4582361
1	1169	4588354
1	1160	4594323
1	1155	4600283
1	1168	4606238
1	1192	4612206
1	1166	4618198
1	1242	4624164
1	1230	4630206
1	1167	4636236
1	1189	4642203
1	1175	4648192
1	1231	4654167
1	1215	4660198
1	1172	4666213
1	1196	4672185
1	1190	4678181
1	1232	4684171
1	1204	4690203
1	1153	4696207
1	1246	4702160
1	1194	4708206
1	1233	4714200
1	1200	4720233
1	1154	4726233
1	1186	4732187
1	1234	4738173
1	1224	4744207
1	1204	4750231
1	1201	4756235
1	1216	4762236
1	1240	4768252
1	1192	4774292
1	1174	4780284
1	1168	4786258
1	1202	4792226
1	1204	4798228
1	1165	4804232
1	1195	4810197
1	1188	4816192
1	1195	4822180
1	1210	4828175
1	1211	4834185
1	1218	4840196
1	1208	4846214
1	1237	4852222
1	1172	4858259
1	1237	4864231
1	1202	4870268
1	1167	4876270
1	1241	4882237
1	1177	4888278
1	1185	4894255
1	1180	4900240
1	1173	4906220
1	1165	4912193
1	1170	4918158
1	1231	4924128
1	1197	4930159
1	1246	4936156
1	1195	4942202
1	1221	4948197
1	1233	4954218
1	1158	4960251
1	1195	4966209
1	1216	4972204
1	1201	4978220
1	1214	4984221
1	1170	4990235
1	1247	4996205
1	1235	5002252
1	1232	5008287
2	1217	4800
2	1165	10817
2	1226	16782
2	1172	22808
2	1199	28780
2	1216	34779
2	1152	40795
2	1160	46747
2	1164	52707
2	1188	58671
2	1218	64659
2	1207	70677
2	1190	76684
2	1208	82674
2	1201	88682
2	1239	94683
2	1178	100722
2	1243	106700
2	1165	112743
2	1242	118708
2	1208	124750
2	1185	130758
2	1237	136743
2	1208	142780
2	1192	148788
2	1223	154780
2	1160	160803
2	1206	166763
2	1200	172769
2	1169	178769
2	1205	184738
2	1174	190743
2	1202	196717
2	1222	202719
2	1201	208741
2	1158	214742
2	1225	220700
2	1202	226725
2	1152	232727
2	1195	238679
2	1173	244674
2	1199	250647
2	1233	256646
2	1197	262679
2	1194	268676
2	1244	274670
2	1168	280714
2	1176	286682
2	1161	292658
2	1249	298619
2	1206	304668
2	1215	310674
2	1170	316689
2	1195	322659
2	1211	328654
2	1215	334665
2	1154	340680
2	1170	346634
2	1226	352604
2	1194	358630
2	1171	364624
2	1165	370595
2	1216	376560
2	1249	382576
2	1169	388625
2	1153	394594
2	1211	400547
2	1220	406558
2	1196	412578
2	1153	418574
2	1198	424527
2	1169	430525
2	1225	436494
2	1162	442519
2	1184	448481
2	1217	454465
2	1249	460482
2	1161	466531
2	1220	472492
2	1199	478512
2	1218	484511
2	1187	490529
2	1153	496516
2	1181	502469
2	1249	508450
2	1177	514499
2	1172	520476
2	1194	526448
2	1240	532442
2	1242	538482
2	1181	544524
2	1175	550505
2	1236	556480
2	1218	562516
2	1171	568534
2	1244	574505
2	1234	580549
2	1199	586583
2	1230	592582
2	1244	598612
2	1221	604656
2	1194	610677
2	1187	616671
2	1233	622658
2	1177	628691
2	1235	634668
2	1236	640703
2	1221	646739
2	1233	652760
2	1234	658793
2	1173	664827
2	1181	670800
2	1216	676781
2	1159	682797
2	1246	688756
2	1247	694802
2	1161	700849
2	1205	706810
2	1219	712815
2	1247	718834
2	1224	724881
2	1230	730905
2	1227	736935
2	1243	742962
2	1203	749005
2	1210	755008
2	1190	761018
2	1212	767008
2	1226	773020
2	1200	779046
2	1243	785046
2	1191	791089
2	1170	797080
2	1210	803050
2	1191	809060
2	1228	815051
2	1228	821079
2	1221	827107
2	1228	833128
2	1205	839156
2	1177	845161
2	1167	851138
2	1193	857105
2	1222	863098
2	1154	869120
2	1224	875074
2	1225	881098
2	1222	887123
2	1166	893145
2	1154	899111
2	1206	905065
2	1193	911071
2	1243	917064
2	1243	923107
2	1165	929150
2	1223	935115
2	1217	941138
2	1197	947155
2	1166	953152
2	1228	959118
2	1215	965146
2	1233	971161
2	1191	977194
2	1167	983185
2	1231	989152
2	1155	995183
2	1189	1001138
2	1157	1007127
2	1249	1013084
2	1244	1019133
2	1187	1025177
2	1209	1031164
2	1221	1037173
2	1225	1043194
2	1214	1049219
2	1168	1055233
2	1158	1061201
2	1204	1067159
2	1226	1073163
2	1238	1079189
2	1214	1085227
2	1162	1091241
2	1228	1097203
2	1198	1103231
2	1179	1109229
2	1248	1115208
2	1160	1121256
2	1229	1127216
2	1185	1133245
2	1221	1139230
2	1233	1145251
2	1167	1151284
2	1171	1157251
2	1196	1163222
2	1233	1169218
2	1217	1175251
2	1229	1181268
2	1184	1187297
2	1224	1193281
2	1197	1199305
2	1207	1205302
2	1156	1211309
2	1176	1217265
2	1243	1223241
2	1198	1229284
2	1211	1235282
2	1176	1241293
2	1245	1247269
2	1209	1253314
2	1212	1259323
2	1207	1265335
2	1208	1271342
2	1206	1277350
2	1244	1283356
2	1247	1289400
2	1158	1295447
2	1154	1301405
2	1234	1307359
2	1168	1313393
2	1155	1319361
2	1211	1325316
2	1243	1331327
2	1175	1337370
2	1201	1343345
2	1242	1349346
2	1187	1355388
2	1244	1361375
2	1246	1367419
2	1236	1373465
2	1224	1379501
2	1189	1385525
2	1231	1391514
2	1239	1397545
2	1157	1403584
2	1170	1409541
2	1235	1415511
2	1231	1421546
2	1156	1427577
2	1182	1433533
2	1230	1439515
2	1187	1445545
2	1220	1451532
2	1209	1457552
2	1207	1463561
2	1173	1469568
2	1213	1475541
2	1233	1481554
2	1188	1487587
2	1166	1493575
2	1208	1499541
2	1159	1505549
2	1177	1511508
2	1178	1517485
2	1195	1523463
2	1241	1529458
2	1229	1535499
2	1178	1541528
2	1242	1547506
2	1225	1553548
2	1153	1559573
2	1221	1565526
2	1158	1571547
2	1222	1577505
2	1210	1583527
2	1240	1589537
2	1159	1595577
2	1153	1601536
2	1200	1607489
2	1177	1613489
2	1235	1619466
2	1193	1625501
2	1232	1631494
2	1232	1637526
2	1236	1643558
2	1229	1649594
2	1176	1655623
2	1193	1661599
2	1222	1667592
2	1234	1673614
2	1241	1679648
2	1233	1685689
2	1203	1691722
2	1184	1697725
2	1198	1703709
2	1222	1709707
2	1158	1715729
2	1206	1721687
2	1227	1727693
2	1243	1733720
2	1175	1739763
2	1245	1745738
2	1196	1751783
2	1232	1757779
2	1234	1763811
2	1155	1769845
2	1230	1775800
2	1176	1781830
2	1157	1787806
2	1236	1793763
2	1239	1799799
2	1164	1805838
2	1217	1811802
2	1238	1817819
2	1211	1823857
2	1157	1829868
2	1220	1835825
2	1226	1841845
2	1244	1847871
2	1227	1853915
2	1151	1859942
2	1172	1865893
2	1157	1871865
2	1180	1877822
2	1224	1883802
2	1156	1889826
2	1202	1895782
2	1165	1901784
2	1176	1907749
2	1237	1913725
2	1223	1919762
2	1193	1925785
2	1245	1931778
2	1210	1937823
2	1196	1943833
2	1187	1949829
2	1206	1955816
2	1153	1961822
2	1240	1967775
2	1220	1973815
2	1230	1979835
2	1212	1985865
2	1170	1991877
2	1187	1997847
2	1226	2003834
2	1154	2009860
2	1215	2015814
2	1249	2021829
2	1210	2027878
2	1249	2033888
2	1198	2039937
2	1185	2045935
2	1193	2051920
2	1155	2057913
2	1228	2063868
2	1225	2069896
2	1212	2075921
2	1159	2081933
2	1248	2087892
2	1247	2093940
2	1180	2099987
2	1202	2105967
2	1201	2111969
2	1243	2117970
2	1162	2124013
2	1152	2129975
2	1243	2135927
2	1200	2141970
2	1197	2147970
2	1207	2153967
2	1178	2159974
2	1227	2165952
2	1177	2171979
2	1220	2177956
2	1165	2183976
2	1203	2189941
2	1241	2195944
2	1241	2201985
2	1245	2208026
2	1234	2214071
2	1189	2220105
2	1192	2226094
2	1244	2232086
2	1200	2238130
2	1192	2244130
2	1233	2250122
2	1200	2256155
2	1226	2262155
2	1231	2268181
2	1189	2274212
2	1170	2280201
2	1203	2286171
2	1249	2292174
2	1191	2298223
2	1225	2304214
2	1191	2310239
2	1200	2316230
2	1241	2322230
2	1244	2328271
2	1230	2334315
2	1180	2340345
2	1241	2346325
2	1221	2352366
2	1214	2358387
2	1161	2364401
2	1248	2370362
2	1227	2376410
2	1171	2382437
2	1209	2388408
2	1166	2394417
2	1240	2400383
2	1234	2406423
2	1162	2412457
2	1167	2418419
2	1228	2424386
2	1249	2430414
2	1184	2436463
2	1159	2442447
2	1186	2448406
2	1215	2454392
2	1189	2460407
2	1205	2466396
2	1215	2472401
2	1151	2478416
2	1188	2484367
2	1164	2490355
2	1190	2496319
2	1234	2502309
2	1249	2508343
2	1238	2514392
2	1186	2520430
2	1160	2526416
2	1197	2532376
2	1235	2538373
2	1181	2544408
2	1178	2550389
2	1189	2556367
2	1153	2562356
2	1196	2568309
2	1194	2574305
2	1195	2580299
2	1156	2586294
2	1196	2592250
2	1170	2598246
2	1170	2604216
2	1216	2610186
2	1154	2616202
2	1192	2622156
2	1175	2628148
2	1184	2634123
2	1212	2640107
2	1187	2646119
2	1172	2652106
2	1225	2658078
2	1212	2664103
2	1202	2670115
2	1232	2676117
2	1231	2682149
2	1200	2688180
2	1242	2694180
2	1187	2700222
2	1248	2706209
2	1226	2712257
2	1187	2718283
2	1194	2724270
2	1193	2730264
2	1197	2736257
2	1233	2742254
2	1219	2748287
2	1207	2754306
2	1158	2760313
2	1209	2766271
2	1239	2772280
2	1152	2778319
2	1200	2784271
2	1176	2790271
2	1222	2796247
2	1236	2802269
2	1240	2808305
2	1222	2814345
2	1240	2820367
2	1179	2826407
2	1196	2832386
2	1196	2838382
2	1213	2844378
2	1223	2850391
2	1151	2856414
2	1221	2862365
2	1185	2868386
2	1155	2874371
2	1167	2880326
2	1234	2886293
2	1169	2892327
2	1220	2898296
2	1219	2904316
2	1151	2910335
2	1181	2916286
2	1211	2922267
2	1178	2928278
2	1182	2934256
2	1188	2940238
2	1176	2946226
2	1203	2952202
2	1195	2958205
2	1167	2964200
2	1166	2970167
2	1197	2976133
2	1155	2982130
2	1159	2988085
2	1230	2994044
2	1205	3000074
2	1165	3006079
2	1248	3012044
2	1176	3018092
2	1226	3024068
2	1185	3030094
2	1187	3036079
2	1174	3042066
2	1191	3048040
2	1179	3054031
2	1164	3060010
2	1167	3065974
2	1241	3071941
2	1186	3077982
2	1160	3083968
2	1157	3089928
2	1246	3095885
2	1185	3101931
2	1221	3107916
2	1200	3113937
2	1158	3119937
2	1197	3125895
2	1155	3131892
2	1206	3137847
2	1200	3143853
2	1189	3149853
2	1190	3155842
2	1167	3161832
2	1179	3167799
2	1239	3173778
2	1225	3179817
2	1188	3185842
2	1166	3191830
2	1178	3197796
2	1212	3203774
2	1239	3209786
2	1200	3215825
2	1236	3221825
2	1214	3227861
2	1207	3233875
2	1200	3239882
2	1248	3245882
2	1191	3251930
2	1227	3257921
2	1161	3263948
2	1162	3269909
2	1170	3275871
2	1162	3281841
2	1190	3287803
2	1186	3293793
2	1246	3299779
2	1205	3305825
2	1177	3311830
2	1238	3317807
2	1190	3323845
2	1160	3329835
2	1184	3335795
2	1156	3341779
2	1162	3347735
2	1198	3353697
2	1196	3359695
2	1196	3365691
2	1194	3371687
2	1190	3377681
2	1166	3383671
2	1196	3389637
2	1163	3395633
2	1162	3401596
2	1154	3407558
2	1151	3413512
2	1211	3419463
2	1198	3425474
2	1218	3431472
2	1226	3437490
2	1193	3443516
2	1198	3449509
2	1221	3455507
2	1181	3461528
2	1236	3467509
2	1200	3473545
2	1222	3479545
2	1215	3485567
2	1188	3491582
2	1168	3497570
2	1188	3503538
2	1197	3509526
2	1172	3515523
2	1249	3521495
2	1190	3527544
2	1161	3533534
2	1240	3539495
2	1211	3545535
2	1197	3551546
2	1237	3557543
2	1188	3563580
2	1236	3569568
2	1235	3575604
2	1189	3581639
2	1246	3587628
2	1179	3593674
2	1240	3599653
2	1246	3605693
2	1154	3611739
2	1171	3617693
2	1238	3623664
2	1175	3629702
2	1233	3635677
2	1235	3641710
2	1191	3647745
2	1192	3653736
2	1212	3659728
2	1193	3665740
2	1225	3671733
2	1222	3677758
2	1240	3683780
2	1204	3689820
2	1194	3695824
2	1152	3701818
2	1216	3707770
2	1220	3713786
2	1196	3719806
2	1176	3725802
2	1188	3731778
2	1232	3737766
2	1193	3743798
2	1178	3749791
2	1245	3755769
2	1200	3761814
2	1168	3767814
2	1247	3773782
2	1157	3779829
2	1216	3785786
2	1225	3791802
2	1189	3797827
2	1162	3803816
2	1236	3809778
2	1216	3815814
2	1185	3821830
2	1173	3827815
2	1231	3833788
2	1220	3839819
2	1186	3845839
2	1193	3851825
2	1233	3857818
2	1229	3863851
2	1194	3869880
2	1154	3875874
2	1218	3881828
2	1199	3887846
2	1167	3893845
2	1232	3899812
2	1242	3905844
2	1198	3911886
2	1210	3917884
2	1179	3923894
2	1247	3929873
2	1244	3935920
2	1193	3941964
2	1203	3947957
2	1201	3953960
2	1222	3959961
2	1198	3965983
2	1175	3971981
2	1161	3977956
2	1200	3983917
2	1241	3989917
2	1221	3995958
2	1155	4001979
2	1210	4007934
2	1174	4013944
2	1239	4019918
2	1246	4025957
2	1208	4032003
2	1227	4038011
2	1158	4044038
2	1228	4049996
2	1183	4056024
2	1225	4062007
2	1238	4068032
2	1225	4074070
2	1197	4080095
2	1199	4086092
2	1195	4092091
2	1232	4098086
2	1206	4104118
2	1170	4110124
2	1152	4116094
2	1217	4122046
2	1179	4128063
2	1225	4134042
2	1206	4140067
2	1223	4146073
2	1158	4152096
2	1233	4158054
2	1153	4164087
2	1247	4170040
2	1235	4176087
2	1242	4182122
2	1222	4188164
2	1215	4194186
2	1240	4200201
2	1200	4206241
2	1247	4212241
2	1200	4218288
2	1172	4224288
2	1216	4230260
2	1246	4236276
2	1160	4242322
2	1238	4248282
2	1226	4254320
2	1209	4260346
2	1214	4266355
2	1174	4272369
2	1243	4278343
2	1246	4284386
2	1206	4290432
2	1172	4296438
2	1226	4302410
2	1176	4308436
2	1215	4314412
2	1224	4320427
2	1201	4326451
2	1238	4332452
2	1224	4338490
2	1182	4344514
2	1180	4350496
2	1206	4356476
2	1191	4362482
2	1243	4368473
2	1207	4374516
2	1224	4380523
2	1249	4386547
2	1174	4392596
2	1206	4398570
2	1220	4404576
2	1160	4410596
2	1242	4416556
2	1166	4422598
2	1156	4428564
2	1182	4434520
2	1181	4440502
2	1237	4446483
2	1243	4452520
2	1229	4458563
2	1243	4464592
2	1195	4470635
2	1233	4476630
2	1246	4482663
2	1229	4488709
2	1237	4494738
2	1242	4500775
2	1190	4506817
2	1180	4512807
2	1176	4518787
2	1185	4524763
2	1204	4530748
2	1233	4536752
2	1181	4542785
2	1245	4548766
2	1213	4554811
2	1178	4560824
2	1158	4566802
2	1245	4572760
2	1166	4578805
2	1233	4584771
2	1191	4590804
2	1249	4596795
2	1176	4602844
2	1203	4608820
2	1214	4614823
2	1155	4620837
2	1231	4626792
2	1157	4632823
2	1181	4638780
2	1168	4644761
2	1173	4650729
2	1205	4656702
2	1236	4662707
2	1153	4668743
2	1200	4674696
2	1176	4680696
2	1162	4686672
2	1188	4692634
2	1151	4698622
2	1196	4704573
2	1203	4710569
2	1215	4716572
2	1179	4722587
2	1189	4728566
2	1208	4734555
2	1219	4740563
2	1231	4746582
2	1153	4752613
2	1170	4758566
2	1179	4764536
2	1206	4770515
2	1237	4776521
2	1194	4782558
2	1172	4788552
2	1222	4794524
2	1231	4800546
2	1159	4806577
2	1239	4812536
2	1177	4818575
2	1249	4824552
2	1237	4830601
2	1174	4836638
2	1241	4842612
2	1224	4848653
2	1158	4854677
2	1229	4860635
2	1201	4866664
2	1165	4872665
2	1226	4878630
2	1229	4884656
2	1185	4890685
2	1196	4896670
2	1236	4902666
2	1192	4908702
2	1179	4914694
2	1186	4920673
2	1200	4926659
2	1195	4932659
2	1237	4938654
2	1187	4944691
2	1153	4950678
2	1232	4956631
2	1236	4962663
2	1158	4968699
2	1219	4974657
2	1182	4980676
2	1184	4986658
2	1179	4992642
2	1211	4998621
2	1200	5004632
2	1176	5010632
3	1169	4800
3	1242	10769
3	1151	16811
3	1180	22762
3	1241	28742
3	1191	34783
3	1220	40774
3	1224	46794
3	1232	52818
3	1199	58850
3	1241	64849
3	1194	70890
3	1210	76884
3	1244	82894
3	1205	88938
3	1188	94943
3	1183	100931
3	1221	106914
3	1151	112935
3	1222	118886
3	1175	124908
3	1153	130883
3	1197	136836
3	1153	142833
3	1204	148786
3	1178	154790
3	1156	160768
3	1244	166724
3	1171	172768
3	1184	178739
3	1217	184723
3	1171	190740
3	1166	196711
3	1211	202677
3	1153	208688
3	1164	214641
3	1202	220605
3	1176	226607
3	1245	232583
3	1245	238628
3	1242	244673
3	1198	250715
3	1246	256713
3	1156	262759
3	1241	268715
3	1158	274756
3	1234	280714
3	1189	286748
3	1237	292737
3	1151	298774
3	1209	304725
3	1223	310734
3	1181	316757
3	1179	322738
3	1230	328717
3	1214	334747
3	1239	340761
3	1151	346800
3	1213	352751
3	1222	358764
3	1234	364786
3	1197	370820
3	1185	376817
3	1204	382802
3	1179	388806
3	1189	394785
3	1183	400774
3	1206	406757
3	1219	412763
3	1152	418782
3	1234	424734
3	1249	430768
3	1162	436817
3	1217	442779
3	1230	448796
3	1212	454826
3	1155	460838
3	1243	466793
3	1224	472836
3	1243	478860
3	1207	484903
3	1189	490910
3	1185	496899
3	1189	502884
3	1160	508873
3	1154	514833
3	1182	520787
3	1209	526769
3	1209	532778
3	1188	538787
3	1197	544775
3	1214	550772
3	1249	556786
3	1207	562835
3	1156	568842
3	1164	574798
3	1196	580762
3	1218	586758
3	1203	592776
3	1191	598779
3	1153	604770
3	1171	610723
3	1209	616694
3	1247	622703
3	1158	628750
3	1191	634708
3	1190	640699
3	1187	646689
3	1189	652676
3	1195	658665
3	1204	664660
3	1201	670664
3	1185	676665
3	1200	682650
3	1249	688650
3	1174	694699
3	1201	700673
3	1191	706674
3	1221	712665
3	1235	718686
3	1208	724721
3	1220	730729
3	1172	736749
3	1175	742721
3	1224	748696
3	1179	754720
3	1215	760699
3	1236	766714
3	1248	772750
3	1249	778798
3	1179	784847
3	1224	790826
3	1212	796850
3	1235	802862
3	1186	808897
3	1224	814883
3	1222	820907
3	1162	826929
3	1197	832891
3	1215	838888
3	1195	844903
3	1159	850898
3	1214	856857
3	1219	862871
3	1247	868890
3	1172	874937
3	1246	880909
3	1161	886955
3	1200	892916
3	1200	898916
3	1216	904916
3	1208	910932
3	1164	916940
3	1207	922904
3	1168	928911
3	1213	934879
3	1196	940892
3	1151	946888
3	1178	952839
3	1216	958817
3	1232	964833
3	1153	970865
3	1233	976818
3	1224	982851
3	1202	988875
3	1166	994877
3	1200	1000843
3	1214	1006843
3	1218	1012857
3	1194	1018875
3	1199	1024869
3	1213	1030868
3	1201	1036881
3	1174	1042882
3	1171	1048856
3	1224	1054827
3	1240	1060851
3	1199	1066891
3	1204	1072890
3	1201	1078894
3	1154	1084895
3	1210	1090849
3	1211	1096859
3	1201	1102870
3	1240	1108871
3	1202	1114911
3	1226	1120913
3	1225	1126939
3	1158	1132964
3	1158	1138922
3	1202	1144880
3	1206	1150882
3	1241	1156888
3	1175	1162929
3	1238	1168904
3	1221	1174942
3	1167	1180963
3	1189	1186930
3	1164	1192919
3	1194	1198883
3	1155	1204877
3	1201	1210832
3	1229	1216833
3	1165	1222862
3	1207	1228827
3	1249	1234834
3	1242	1240883
3	1186	1246925
3	1176	1252911
3	1196	1258887
3	1192	1264883
3	1190	1270875
3	1175	1276865
3	1222	1282840
3	1154	1288862
3	1203	1294816
3	1189	1300819
3	1243	1306808
3	1188	1312851
3	1236	1318839
3	1210	1324875
3	1155	1330885
3	1249	1336840
3	1168	1342889
3	1240	1348857
3	1210	1354897
3	1228	1360907
3	1194	1366935
3	1177	1372929
3	1151	1378906
3	1240	1384857
3	1205	1390897
3	1181	1396902
3	1202	1402883
3	1157	1408885
3	1231	1414842
3	1186	1420873
3	1157	1426859
3	1169	1432816
3	1220	1438785
3	1169	1444805
3	1237	1450774
3	1192	1456811
3	1249	1462803
3	1245	1468852
3	1190	1474897
3	1222	1480887
3	1200	1486909
3	1194	1492909
3	1173	1498903
3	1189	1504876
3	1180	1510865
3	1239	1516845
3	1183	1522884
3	1243	1528867
3	1183	1534910
3	1157	1540893
3	1201	1546850
3	1234	1552851
3	1219	1558885
3	1240	1564904
3	1159	1570944
3	1246	1576903
3	1210	1582949
3	1214	1588959
3	1200	1594973
3	1151	1600973
3	1196	1606924
3	1230	1612920
3	1249	1618950
3	1187	1624999
3	1224	1630986
3	1188	1637010
3	1213	1642998
3	1198	1649011
3	1163	1655009
3	1183	1660972
3	1214	1666955
3	1206	1672969
3	1189	1678975
3	1167	1684964
3	1182	1690931
3	1202	1696913
3	1199	1702915
3	1214	1708914
3	1246	1714928
3	1174	1720974
3	1245	1726948
3	1195	1732993
3	1159	1738988
3	1245	1744947
3	1165	1750992
3	1232	1756957
3	1245	1762989
3	1185	1769034
3	1151	1775019
3	1190	1780970
3	1190	1786960
3	1175	1792950
3	1218	1798925
3	1219	1804943
3	1209	1810962
3	1193	1816971
3	1222	1822964
3	1232	1828986
3	1220	1835018
3	1243	1841038
3	1203	1847081
3	1232	1853084
3	1181	1859116
3	1184	1865097
3	1211	1871081
3	1154	1877092
3	1174	1883046
3	1193	1889020
3	1171	1895013
3	1214	1900984
3	1225	1906998
3	1214	1913023
3	1184	1919037
3	1179	1925021
3	1214	1931000
3	1201	1937014
3	1186	1943015
3	1152	1949001
3	1158	1954953
3	1192	1960911
3	1158	1966903
3	1224	1972861
3	1183	1978885
3	1208	1984868
3	1230	1990876
3	1200	1996906
3	1222	2002906
3	1226	2008928
3	1249	2014954
3	1244	2021003
3	1169	2027047
3	1152	2033016
3	1217	2038968
3	1192	2044985
3	1201	2050977
3	1242	2056978
3	1215	2063020
3	1172	2069035
3	1162	2075007
3	1187	2080969
3	1160	2086956
3	1185	2092916
3	1205	2098901
3	1176	2104906
3	1190	2110882
3	1220	2116872
3	1196	2122892
3	1200	2128888
3	1162	2134888
3	1202	2140850
3	1169	2146852
3	1215	2152821
3	1164	2158836
3	1225	2164800
3	1171	2170825
3	1186	2176796
3	1244	2182782
3	1203	2188826
3	1167	2194829
3	1183	2200796
3	1151	2206779
3	1229	2212730
3	1223	2218759
3	1203	2224782
3	1209	2230785
3	1154	2236794
3	1199	2242748
3	1219	2248747
3	1234	2254766
3	1171	2260800
3	1183	2266771
3	1194	2272754
3	1186	2278748
3	1205	2284734
3	1238	2290739
3	1167	2296777
3	1196	2302744
3	1210	2308740
3	1219	2314750
3	1231	2320769
3	1151	2326800
3	1208	2332751
3	1224	2338759
3	1223	2344783
3	1159	2350806
3	1204	2356765
3	1198	2362769
3	1168	2368767
3	1194	2374735
3	1188	2380729
3	1236	2386717
3	1238	2392753
3	1215	2398791
3	1215	2404806
3	1164	2410821
3	1244	2416785
3	1162	2422829
3	1175	2428791
3	1204	2434766
3	1169	2440770
3	1204	2446739
3	1216	2452743
3	1239	2458759
3	1224	2464798
3	1234	2470822
3	1199	2476856
3	1227	2482855
3	1200	2488882
3	1159	2494882
3	1235	2500841
3	1221	2506876
3	1153	2512897
3	1176	2518850
3	1237	2524826
3	1201	2530863
3	1226	2536864
3	1157	2542890
3	1235	2548847
3	1170	2554882
3	1232	2560852
3	1192	2566884
3	1194	2572876
3	1193	2578870
3	1218	2584863
3	1226	2590881
3	1233	2596907
3	1167	2602940
3	1207	2608907
3	1186	2614914
3	1174	2620900
3	1189	2626874
3	1244	2632863
3	1194	2638907
3	1203	2644901
3	1174	2650904
3	1156	2656878
3	1174	2662834
3	1153	2668808
3	1228	2674761
3	1208	2680789
3	1183	2686797
3	1218	2692780
3	1201	2698798
3	1161	2704799
3	1225	2710760
3	1162	2716785
3	1200	2722747
3	1230	2728747
3	1197	2734777
3	1217	2740774
3	1183	2746791
3	1199	2752774
3	1226	2758773
3	1244	2764799
3	1225	2770843
3	1180	2776868
3	1239	2782848
3	1217	2788887
3	1223	2794904
3	1160	2800927
3	1183	2806887
3	1151	2812870
3	1208	2818821
3	1225	2824829
3	1165	2830854
3	1191	2836819
3	1153	2842810
3	1205	2848763
3	1210	2854768
3	1172	2860778
3	1192	2866750
3	1197	2872742
3	1153	2878739
3	1189	2884692
3	1200	2890681
3	1212	2896681
3	1190	2902693
3	1241	2908683
3	1155	2914724
3	1218	2920679
3	1161	2926697
3	1183	2932658
3	1181	2938641
3	1162	2944622
3	1169	2950584
3	1247	2956553
3	1156	2962600
3	1211	2968556
3	1189	2974567
3	1237	2980556
3	1174	2986593
3	1182	2992567
3	1244	2998549
3	1227	3004593
3	1189	3010620
3	1249	3016609
3	1159	3022658
3	1159	3028617
3	1190	3034576
3	1242	3040566
3	1164	3046608
3	1156	3052572
3	1213	3058528
3	1203	3064541
3	1207	3070544
3	1171	3076551
3	1194	3082522
3	1160	3088516
3	1214	3094476
3	1233	3100490
3	1180	3106523
3	1151	3112503
3	1226	3118454
3	1209	3124480
3	1233	3130489
3	1170	3136522
3	1208	3142492
3	1242	3148500
3	1155	3154542
3	1183	3160497
3	1213	3166480
3	1153	3172493
3	1166	3178446
3	1164	3184412
3	1168	3190376
3	1225	3196344
3	1223	3202369
3	1180	3208392
3	1206	3214372
3	1200	3220378
3	1186	3226378
3	1214	3232364
3	1164	3238378
3	1199	3244342
3	1225	3250341
3	1211	3256366
3	1225	3262377
3	1202	3268402
3	1223	3274404
3	1213	3280427
3	1185	3286440
3	1219	3292425
3	1229	3298444
3	1191	3304473
3	1236	3310464
3	1182	3316500
3	1241	3322482
3	1210	3328523
3	1224	3334533
3	1161	3340557
3	1188	3346518
3	1191	3352506
3	1211	3358497
3	1191	3364508
3	1242	3370499
3	1232	3376541
3	1202	3382573
3	1154	3388575
3	1201	3394529
3	1196	3400530
3	1162	3406526
3	1228	3412488
3	1200	3418516
3	1207	3424516
3	1181	3430523
3	1214	3436504
3	1197	3442518
3	1157	3448515
3	1244	3454472
3	1178	3460516
3	1242	3466494
3	1228	3472536
3	1231	3478564
3	1168	3484595
3	1191	3490563
3	1163	3496554
3	1195	3502517
3	1249	3508512
3	1168	3514561
3	1235	3520529
3	1166	3526564
3	1214	3532530
3	1187	3538544
3	1247	3544531
3	1220	3550578
3	1153	3556598
3	1158	3562551
3	1199	3568509
3	1217	3574508
3	1233	3580525
3	1157	3586558
3	1207	3592515
3	1161	3598522
3	1211	3604483
3	1237	3610494
3	1221	3616531
3	1172	3622552
3	1194	3628524
3	1172	3634518
3	1182	3640490
3	1200	3646472
3	1212	3652472
3	1187	3658484
3	1215	3664471
3	1163	3670486
3	1211	3676449
3	1193	3682460
3	1224	3688453
3	1192	3694477
3	1239	3700469
3	1191	3706508
3	1200	3712499
3	1167	3718499
3	1210	3724466
3	1247	3730476
3	1195	3736523
3	1217	3742518
3	1241	3748535
3	1206	3754576
3	1233	3760582
3	1198	3766615
3	1241	3772613
3	1152	3778654
3	1200	3784606
3	1208	3790606
3	1236	3796614
3	1172	3802650
3	1184	3808622
3	1161	3814606
3	1172	3820567
3	1225	3826539
3	1205	3832564
3	1197	3838569
3	1235	3844566
3	1177	3850601
3	1181	3856578
3	1219	3862559
3	1163	3868578
3	1151	3874541
3	1177	3880492
3	1249	3886469
3	1171	3892518
3	1188	3898489
3	1231	3904477
3	1188	3910508
3	1192	3916496
3	1249	3922488
3	1229	3928537
3	1151	3934566
3	1218	3940517
3	1192	3946535
3	1170	3952527
3	1163	3958497
3	1179	3964460
3	1172	3970439
3	1195	3976411
3	1189	3982406
3	1190	3988395
3	1185	3994385
3	1173	4000370
3	1233	4006343
3	1234	4012376
3	1151	4018410
3	1219	4024361
3	1189	4030380
3	1208	4036369
3	1240	4042377
3	1188	4048417
3	1158	4054405
3	1237	4060363
3	1230	4066400
3	1184	4072430
3	1197	4078414
3	1201	4084411
3	1238	4090412
3	1225	4096450
3	1176	4102475
3	1195	4108451
3	1197	4114446
3	1168	4120443
3	1192	4126411
3	1180	4132403
3	1205	4138383
3	1220	4144388
3	1208	4150408
3	1168	4156416
3	1159	4162384
3	1236	4168343
3	1197	4174379
3	1174	4180376
3	1233	4186350
3	1178	4192383
3	1169	4198361
3	1247	4204330
3	1162	4210377
3	1212	4216339
3	1207	4222351
3	1165	4228358
3	1166	4234323
3	1241	4240289
3	1158	4246330
3	1218	4252288
3	1236	4258306
3	1228	4264342
3	1163	4270370
3	1208	4276333
3	1153	4282341
3	1161	4288294
3	1249	4294255
3	1246	4300304
3	1198	4306350
3	1227	4312348
3	1215	4318375
3	1162	4324390
3	1245	4330352
3	1237	4336397
3	1180	4342434
3	1171	4348414
3	1157	4354385
3	1218	4360342
3	1202	4366360
3	1237	4372362
3	1247	4378399
3	1180	4384446
3	1183	4390426
3	1200	4396409
3	1230	4402409
3	1210	4408439
3	1200	4414449
3	1177	4420449
3	1168	4426426
3	1204	4432394
3	1153	4438398
3	1236	4444351
3	1226	4450387
3	1196	4456413
3	1200	4462409
3	1183	4468409
3	1230	4474392
3	1245	4480422
3	1218	4486467
3	1174	4492485
3	1153	4498459
3	1240	4504412
3	1201	4510452
3	1172	4516453
3	1246	4522425
3	1178	4528471
3	1163	4534449
3	1237	4540412
3	1197	4546449
3	1214	4552446
3	1232	4558460
3	1242	4564492
3	1241	4570534
3	1157	4576575
3	1209	4582532
3	1187	4588541
3	1244	4594528
3	1155	4600572
3	1186	4606527
3	1248	4612513
3	1192	4618561
3	1231	4624553
3	1186	4630584
3	1176	4636570
3	1249	4642546
3	1167	4648595
3	1238	4654562
3	1248	4660600
3	1237	4666648
3	1186	4672685
3	1218	4678671
3	1237	4684689
3	1182	4690726
3	1182	4696708
3	1166	4702690
3	1240	4708656
3	1246	4714696
3	1209	4720742
3	1204	4726751
3	1172	4732755
3	1192	4738727
3	1245	4744719
3	1182	4750764
3	1240	4756746
3	1159	4762786
3	1214	4768745
3	1200	4774759
3	1208	4780759
3	1189	4786767
3	1196	4792756
3	1161	4798752
3	1235	4804713
3	1239	4810748
3	1232	4816787
3	1196	4822819
3	1207	4828815
3	1215	4834822
3	1151	4840837
3	1247	4846788
3	1216	4852835
3	1213	4858851
3	1176	4864864
3	1172	4870840
3	1207	4876812
3	1164	4882819
3	1231	4888783
3	1210	4894814
3	1205	4900824
3	1171	4906829
3	1232	4912800
3	1159	4918832
3	1227	4924791
3	1167	4930818
3	1175	4936785
3	1244	4942760
3	1195	4948804
3	1242	4954799
3	1241	4960841
3	1247	4966882
3	1197	4972929
3	1156	4978926
3	1214	4984882
3	1207	4990896
3	1180	4996903
3	1212	5002883
3	1162	5008895
4	1216	4800
4	1249	10816
4	1179	16865
4	1239	22844
4	1238	28883
4	1157	34921
4	1202	40878
4	1219	46880
4	1177	52899
4	1241	58876
4	1212	64917
4	1158	70929
4	1205	76887
4	1208	82892
4	1242	88900
4	1230	94942
4	1152	100972
4	1232	106924
4	1211	112956
4	1216	118967
4	1182	124983
4	1204	130965
4	1225	136969
4	1194	142994
4	1236	148988
4	1164	155024
4	1179	160988
4	1170	166967
4	1234	172937
4	1182	178971
4	1191	184953
4	1224	190944
4	1215	196968
4	1248	202983
4	1158	209031
4	1185	214989
4	1189	220974
4	1193	226963
4	1203	232956
4	1175	238959
4	1225	244934
4	1203	250959
4	1170	256962
4	1228	262932
4	1192	268960
4	1231	274952
4	1221	280983
4	1243	287004
4	1180	293047
4	1225	299027
4	1156	305052
4	1183	311008
4	1199	316991
4	1175	322990
4	1245	328965
4	1197	335010
4	1220	341007
4	1186	347027
4	1189	353013
4	1170	359002
4	1245	364972
4	1193	371017
4	1227	377010
4	1221	383037
4	1248	389058
4	1183	395106
4	1170	401089
4	1197	407059
4	1186	413056
4	1228	419042
4	1158	425070
4	1217	431028
4	1233	437045
4	1201	443078
4	1226	449079
4	1240	455105
4	1208	461145
4	1247	467153
4	1163	473200
4	1172	479163
4	1225	485135
4	1235	491160
4	1174	497195
4	1241	503169
4	1158	509210
4	1196	515168
4	1196	521164
4	1176	527160
4	1221	533136
4	1193	539157
4	1200	545150
4	1168	551150
4	1228	557118
4	1227	563146
4	1178	569173
4	1206	575151
4	1238	581157
4	1200	587195
4	1200	593195
4	1176	599195
4	1201	605171
4	1196	611172
4	1246	617168
4	1239	623214
4	1208	629253
4	1151	635261
4	1170	641212
4	1185	647182
4	1247	653167
4	1201	659214
4	1205	665215
4	1193	671220
4	1206	677213
4	1169	683219
4	1206	689188
4	1213	695194
4	1214	701207
4	1158	707221
4	1182	713179
4	1216	719161
4	1156	725177
4	1207	731133
4	1211	737140
4	1185	743151
4	1175	749136
4	1211	755111
4	1242	761122
4	1173	767164
4	1187	773137
4	1175	779124
4	1189	785099
4	1168	791088
4	1189	797056
4	1225	803045
4	1228	809070
4	1165	815098
4	1239	821063
4	1163	827102
4	1152	833065
4	1224	839017
4	1232	845041
4	1212	851073
4	1184	857085
4	1220	863069
4	1240	869089
4	1234	875129
4	1220	881163
4	1186	887183
4	1177	893169
4	1184	899146
4	1223	905130
4	1244	911153
4	1185	917197
4	1186	923182
4	1154	929168
4	1155	935122
4	1216	941077
4	1244	947093
4	1248	953137
4	1170	959185
4	1200	965155
4	1186	971155
4	1244	977141
4	1233	983185
4	1204	989218
4	1249	995222
4	1189	1001271
4	1193	1007260
4	1202	1013253
4	1160	1019255
4	1188	1025215
4	1207	1031203
4	1222	1037210
4	1208	1043232
4	1163	1049240
4	1174	1055203
4	1240	1061177
4	1188	1067217
4	1180	1073205
4	1249	1079185
4	1185	1085234
4	1192	1091219
4	1171	1097211
4	1226	1103182
4	1187	1109208
4	1200	1115195
4	1232	1121195
4	1200	1127227
4	1195	1133227
4	1190	1139222
4	1239	1145212
4	1236	1151251
4	1153	1157287
4	1228	1163240
4	1188	1169268
4	1160	1175256
4	1157	1181216
4	1217	1187173
4	1221	1193190
4	1169	1199211
4	1206	1205180
4	1214	1211186
4	1173	1217200
4	1202	1223173
4	1237	1229175
4	1173	1235212
4	1200	1241185
4	1177	1247185
4	1233	1253162
4	1197	1259195
4	1249	1265192
4	1168	1271241
4	1230	1277209
4	1181	1283239
4	1239	1289220
4	1207	1295259
4	1165	1301266
4	1238	1307231
4	1221	1313269
4	1221	1319290
4	1249	1325311
4	1199	1331360
4	1206	1337359
4	1164	1343365
4	1164	1349329
4	1247	1355293
4	1210	1361340
4	1186	1367350
4	1175	1373336
4	1155	1379311
4	1237	1385266
4	1175	1391303
4	1153	1397278
4	1210	1403231
4	1234	1409241
4	1151	1415275
4	1217	1421226
4	1229	1427243
4	1231	1433272
4	1185	1439303
4	1207	1445288
4	1242	1451295
4	1224	1457337
4	1164	1463361
4	1185	1469325
4	1237	1475310
4	1189	1481347
4	1163	1487336
4	1166	1493299
4	1228	1499265
4	1166	1505293
4	1226	1511259
4	1238	1517285
4	1245	1523323
4	1234	1529368
4	1185	1535402
4	1205	1541387
4	1190	1547392
4	1171	1553382
4	1248	1559353
4	1209	1565401
4	1222	1571410
4	1191	1577432
4	1151	1583423
4	1220	1589374
4	1233	1595394
4	1198	1601427
4	1159	1607425
4	1198	1613384
4	1246	1619382
4	1184	1625428
4	1235	1631412
4	1180	1637447
4	1238	1643427
4	1177	1649465
4	1239	1655442
4	1158	1661481
4	1181	1667439
4	1206	1673420
4	1181	1679426
4	1232	1685407
4	1192	1691439
4	1218	1697431
4	1170	1703449
4	1175	1709419
4	1198	1715394
4	1176	1721392
4	1183	1727368
4	1236	1733351
4	1193	1739387
4	1203	1745380
4	1174	1751383
4	1156	1757357
4	1229	1763313
4	1233	1769342
4	1234	1775375
4	1188	1781409
4	1186	1787397
4	1182	1793383
4	1201	1799365
4	1210	1805366
4	1165	1811376
4	1209	1817341
4	1219	1823350
4	1187	1829369
4	1172	1835356
4	1238	1841328
4	1213	1847366
4	1190	1853379
4	1211	1859369
4	1232	1865380
4	1168	1871412
4	1182	1877380
4	1218	1883362
4	1198	1889380
4	1230	1895378
4	1195	1901408
4	1206	1907403
4	1151	1913409
4	1232	1919360
4	1155	1925392
4	1188	1931347
4	1161	1937335
4	1165	1943296
4	1199	1949261
4	1246	1955260
4	1200	1961306
4	1235	1967306
4	1158	1973341
4	1221	1979299
4	1222	1985320
4	1159	1991342
4	1219	1997301
4	1152	2003320
4	1152	2009272
4	1184	2015224
4	1209	2021208
4	1175	2027217
4	1200	2033192
4	1187	2039192
4	1154	2045179
4	1205	2051133
4	1197	2057138
4	1181	2063135
4	1200	2069116
4	1171	2075116
4	1169	2081087
4	1204	2087056
4	1151	2093060
4	1226	2099011
4	1168	2105037
4	1160	2111005
4	1184	2116965
4	1232	2122949
4	1179	2128981
4	1241	2134960
4	1185	2141001
4	1156	2146986
4	1210	2152942
4	1220	2158952
4	1234	2164972
4	1214	2171006
4	1217	2177020
4	1174	2183037
4	1168	2189011
4	1181	2194979
4	1225	2200960
4	1156	2206985
4	1214	2212941
4	1221	2218955
4	1239	2224976
4	1233	2231015
4	1195	2237048
4	1221	2243043
4	1188	2249064
4	1182	2255052
4	1177	2261034
4	1205	2267011
4	1154	2273016
4	1228	2278970
4	1221	2284998
4	1153	2291019
4	1180	2296972
4	1228	2302952
4	1176	2308980
4	1174	2314956
4	1163	2320930
4	1187	2326893
4	1220	2332880
4	1225	2338900
4	1197	2344925
4	1240	2350922
4	1200	2356962
4	1245	2362962
4	1197	2369007
4	1238	2375004
4	1159	2381042
4	1235	2387001
4	1233	2393036
4	1189	2399069
4	1224	2405058
4	1249	2411082
4	1171	2417131
4	1214	2423102
4	1188	2429116
4	1238	2435104
4	1248	2441142
4	1217	2447190
4	1243	2453207
4	1229	2459250
4	1164	2465279
4	1226	2471243
4	1161	2477269
4	1191	2483230
4	1247	2489221
4	1156	2495268
4	1245	2501224
4	1221	2507269
4	1207	2513290
4	1226	2519297
4	1198	2525323
4	1209	2531321
4	1163	2537330
4	1169	2543293
4	1233	2549262
4	1214	2555295
4	1218	2561309
4	1200	2567327
4	1160	2573327
4	1244	2579287
4	1200	2585331
4	1245	2591331
4	1209	2597376
4	1198	2603385
4	1224	2609383
4	1222	2615407
4	1223	2621429
4	1212	2627452
4	1190	2633464
4	1230	2639454
4	1160	2645484
4	1173	2651444
4	1160	2657417
4	1178	2663377
4	1159	2669355
4	1249	2675314
4	1249	2681363
4	1243	2687412
4	1225	2693455
4	1165	2699480
4	1230	2705445
4	1232	2711475
4	1234	2717507
4	1166	2723541
4	1165	2729507
4	1170	2735472
4	1249	2741442
4	1181	2747491
4	1191	2753472
4	1197	2759463
4	1231	2765460
4	1225	2771491
4	1236	2777516
4	1189	2783552
4	1210	2789541
4	1185	2795551
4	1151	2801536
4	1239	2807487
4	1219	2813526
4	1169	2819545
4	1235	2825514
4	1183	2831549
4	1208	2837532
4	1190	2843540
4	1231	2849530
4	1219	2855561
4	1232	2861580
4	1156	2867612
4	1198	2873568
4	1248	2879566
4	1151	2885614
4	1199	2891565
4	1243	2897564
4	1248	2903607
4	1153	2909655
4	1210	2915608
4	1212	2921618
4	1196	2927630
4	1157	2933626
4	1227	2939583
4	1214	2945610
4	1217	2951624
4	1180	2957641
4	1173	2963621
4	1218	2969594
4	1211	2975612
4	1182	2981623
4	1197	2987605
4	1240	2993602
4	1235	2999642
4	1152	3005677
4	1203	3011629
4	1192	3017632
4	1218	3023624
4	1222	3029642
4	1189	3035664
4	1212	3041653
4	1164	3047665
4	1246	3053629
4	1197	3059675
4	1189	3065672
4	1163	3071661
4	1161	3077624
4	1185	3083585
4	1234	3089570
4	1247	3095604
4	1175	3101651
4	1185	3107626
4	1202	3113611
4	1200	3119613
4	1247	3125613
4	1249	3131660
4	1159	3137709
4	1186	3143668
4	1234	3149654
4	1160	3155688
4	1207	3161648
4	1184	3167655
4	1158	3173639
4	1215	3179597
4	1186	3185612
4	1180	3191598
4	1215	3197578
4	1230	3203593
4	1233	3209623
4	1240	3215656
4	1235	3221696
4	1179	3227731
4	1203	3233710
4	1244	3239713
4	1249	3245757
4	1188	3251806
4	1183	3257794
4	1227	3263777
4	1234	3269804
4	1229	3275838
4	1188	3281867
4	1203	3287855
4	1241	3293858
4	1159	3299899
4	1173	3305858
4	1189	3311831
4	1215	3317820
4	1167	3323835
4	1153	3329802
4	1166	3335755
4	1156	3341721
4	1168	3347677
4	1184	3353645
4	1228	3359629
4	1151	3365657
4	1154	3371608
4	1247	3377562
4	1178	3383609
4	1214	3389587
4	1232	3395601
4	1230	3401633
4	1217	3407663
4	1157	3413680
4	1249	3419637
4	1242	3425686
4	1193	3431728
4	1241	3437721
4	1164	3443762
4	1194	3449726
4	1175	3455720
4	1247	3461695
4	1200	3467742
4	1221	3473742
4	1199	3479763
4	1167	3485762
4	1151	3491729
4	1182	3497680
4	1179	3503662
4	1187	3509641
4	1163	3515628
4	1207	3521591
4	1200	3527598
4	1158	3533598
4	1237	3539556
4	1204	3545593
4	1223	3551597
4	1169	3557620
4	1233	3563589
4	1167	3569622
4	1243	3575589
4	1163	3581632
4	1248	3587595
4	1183	3593643
4	1218	3599626
4	1171	3605644
4	1173	3611615
4	1178	3617588
4	1228	3623566
4	1168	3629594
4	1197	3635562
4	1219	3641559
4	1183	3647578
4	1153	3653561
4	1245	3659514
4	1154	3665559
4	1249	3671513
4	1204	3677562
4	1176	3683566
4	1214	3689542
4	1199	3695556
4	1188	3701555
4	1151	3707543
4	1164	3713494
4	1170	3719458
4	1169	3725428
4	1156	3731397
4	1196	3737353
4	1221	3743349
4	1161	3749370
4	1179	3755331
4	1186	3761310
4	1187	3767296
4	1227	3773283
4	1190	3779310
4	1194	3785300
4	1161	3791294
4	1167	3797255
4	1223	3803222
4	1181	3809245
4	1185	3815226
4	1230	3821211
4	1233	3827241
4	1191	3833274
4	1166	3839265
4	1185	3845231
4	1166	3851216
4	1188	3857182
4	1162	3863170
4	1246	3869132
4	1222	3875178
4	1213	3881200
4	1203	3887213
4	1229	3893216
4	1160	3899245
4	1159	3905205
4	1171	3911164
4	1202	3917135
4	1152	3923137
4	1158	3929089
4	1204	3935047
4	1184	3941051
4	1229	3947035
4	1200	3953064
4	1225	3959064
4	1185	3965089
4	1171	3971074
4	1158	3977045
4	1200	3983003
4	1183	3989003
4	1238	3994986
4	1183	4001024
4	1154	4007007
4	1233	4012961
4	1171	4018994
4	1239	4024965
4	1191	4031004
4	1198	4036995
4	1184	4042993
4	1232	4048977
4	1203	4055009
4	1249	4061012
4	1246	4067061
4	1232	4073107
4	1223	4079139
4	1223	4085162
4	1151	4091185
4	1226	4097136
4	1233	4103162
4	1168	4109195
4	1232	4115163
4	1207	4121195
4	1155	4127202
4	1199	4133157
4	1198	4139156
4	1238	4145154
4	1231	4151192
4	1203	4157223
4	1168	4163226
4	1182	4169194
4	1227	4175176
4	1189	4181203
4	1186	4187192
4	1224	4193178
4	1159	4199202
4	1247	4205161
4	1239	4211208
4	1205	4217247
4	1206	4223252
4	1214	4229258
4	1163	4235272
4	1238	4241235
4	1214	4247273
4	1174	4253287
4	1197	4259261
4	1217	4265258
4	1224	4271275
4	1219	4277299
4	1151	4283318
4	1216	4289269
4	1249	4295285
4	1194	4301334
4	1234	4307328
4	1236	4313362
4	1156	4319398
4	1189	4325354
4	1226	4331343
4	1166	4337369
4	1192	4343335
4	1158	4349327
4	1212	4355285
4	1227	4361297
4	1210	4367324
4	1179	4373334
4	1171	4379313
4	1247	4385284
4	1151	4391331
4	1199	4397282
4	1225	4403281
4	1155	4409306
4	1212	4415261
4	1214	4421273
4	1229	4427287
4	1163	4433316
4	1227	4439279
4	1166	4445306
4	1159	4451272
4	1210	4457231
4	1207	4463241
4	1167	4469248
4	1224	4475215
4	1238	4481239
4	1234	4487277
4	1186	4493311
4	1203	4499297
4	1198	4505300
4	1217	4511298
4	1205	4517315
4	1196	4523320
4	1202	4529316
4	1200	4535318
4	1162	4541318
4	1195	4547280
4	1177	4553275
4	1240	4559252
4	1202	4565292
4	1162	4571294
4	1200	4577256
4	1229	4583256
4	1189	4589285
4	1210	4595274
4	1228	4601284
4	1243	4607312
4	1237	4613355
4	1239	4619392
4	1158	4625431
4	1225	4631389
4	1245	4637414
4	1235	4643459
4	1182	4649494
4	1226	4655476
4	1202	4661502
4	1156	4667504
4	1233	4673460
4	1207	4679493
4	1200	4685500
4	1198	4691500
4	1215	4697498
4	1227	4703513
4	1234	4709540
4	1229	4715574
4	1189	4721603
4	1174	4727592
4	1225	4733566
4	1201	4739591
4	1226	4745592
4	1215	4751618
4	1216	4757633
4	1236	4763649
4	1167	4769685
4	1190	4775652
4	1232	4781642
4	1237	4787674
4	1220	4793711
4	1182	4799731
4	1216	4805713
4	1155	4811729
4	1190	4817684
4	1218	4823674
4	1237	4829692
4	1241	4835729
4	1186	4841770
4	1227	4847756
4	1168	4853783
4	1163	4859751
4	1174	4865714
4	1207	4871688
4	1153	4877695
4	1219	4883648
4	1227	4889667
4	1222	4895694
4	1195	4901716
4	1155	4907711
4	1249	4913666
4	1190	4919715
4	1248	4925705
4	1178	4931753
4	1205	4937731
4	1249	4943736
4	1153	4949785
4	1167	4955738
4	1232	4961705
4	1193	4967737
4	1226	4973730
4	1206	4979756
4	1177	4985762
4	1192	4991739
4	1233	4997731
4	1154	5003764
4	1172	5009718
