0	1192.0	4800
0	1216.0	10792
0	1211.0	16808
0	1162.0	22819
0	1201.0	28781
0	1230.0	34782
0	1240.0	40812
0	1206.0	46852
0	1166.0	52858
0	1156.0	58824
0	1214.0	64780
0	1224.0	70794
0	1232.0	76818
0	1160.0	82850
0	1249.0	88810
0	1151.0	94859
0	1215.0	100810
0	1194.0	106825
0	1161.0	112819
0	1231.0	118780
0	1243.0	124811
0	1179.0	130854
0	1166.0	136833
0	1154.0	142799
0	1218.0	148753
0	1202.0	154771
0	1151.0	160773
0	1210.0	166724
0	1220.0	172734
0	1157.0	178754
0	1187.0	184711
0	1174.0	190698
0	1151.0	196672
0	1195.0	202623
0	1188.0	208618
0	1153.0	214606
0	1194.0	220559
0	1162.0	226553
0	1157.0	232515
0	1235.0	238472
0	1179.0	244507
0	1156.0	250486
0	1170.0	256442
0	1193.0	262412
0	1240.0	268405
0	1156.0	274445
0	1158.0	280401
0	1248.0	286359
0	1194.0	292407
0	1245.0	298401
0	1172.0	304446
0	1179.0	310418
0	1217.0	316397
0	1213.0	322414
0	1151.0	328427
0	1177.0	334378
0	1152.0	340355
0	1155.0	346307
0	1198.0	352262
0	1210.0	358260
0	1155.0	364270
0	1183.0	370225
0	1193.0	376208
0	1223.0	382201
0	1201.0	388224
0	1165.0	394225
0	1217.0	400190
0	1180.0	406207
0	1249.0	412187
0	1236.0	418236
0	1223.0	424272
0	1227.0	430295
0	1213.0	436322
0	1173.0	442335
0	1226.0	448308
0	1228.0	454334
0	1228.0	460362
0	1189.0	466390
0	1220.0	472379
0	1153.0	478399
0	1234.0	484352
0	1169.0	490386
0	1193.0	496355
0	1235.0	502348
0	1192.0	508383
0	1182.0	514375
0	1236.0	520357
0	1209.0	526393
0	1231.0	532402
0	1161.0	538433
0	1191.0	544394
0	1171.0	550385
0	1226.0	556356
0	1246.0	562382
0	1199.0	568428
0	1176.0	574427
0	1206.0	580403
0	1215.0	586409
0	1217.0	592424
0	1186.0	598441
0	1173.0	604427
0	1220.0	610400
0	1213.0	616420
0	1175.0	622433
0	1196.0	628408
0	1238.0	634404
0	1249.0	640442
0	1241.0	646491
0	1188.0	652532
0	1152.0	658520
0	1207.0	664472
0	1230.0	670479
0	1172.0	676509
0	1210.0	682481
0	1192.0	688491
0	1175.0	694483
0	1207.0	700458
0	1240.0	706465
0	1211.0	712505
0	1231.0	718516
0	1224.0	724547
0	1178.0	730571
0	1212.0	736549
0	1166.0	742561
0	1239.0	748527
0	1185.0	754566
0	1154.0	760551
0	1248.0	766505
0	1197.0	772553
0	1228.0	778550
0	1186.0	784578
0	1153.0	790564
0	1213.0	796517
0	1234.0	802530
0	1223.0	808564
0	1189.0	814587
0	1179.0	820576
0	1234.0	826555
0	1165.0	832589
0	1210.0	838554
0	1180.0	844564
0	1180.0	850544
0	1232.0	856524
0	1201.0	862556
0	1195.0	868557
0	1217.0	874552
0	1167.0	880569
0	1181.0	886536
0	1233.0	892517
0	1212.0	898550
0	1167.0	904562
0	1153.0	910529
0	1153.0	916482
0	1179.0	922435
0	1248.0	928414
0	1232.0	934462
0	1200.0	940494
0	1151.0	946494
0	1211.0	952445
0	1229.0	958456
0	1226.0	964485
0	1211.0	970511
0	1190.0	976522
0	1182.0	982512
0	1212.0	988494
0	1205.0	994506
0	1210.0	1000511
0	1153.0	1006521
0	1180.0	1012474
0	1162.0	1018454
0	1229.0	1024416
0	1200.0	1030445
0	1177.0	1036445
0	1230.0	1042422
0	1163.0	1048452
0	1209.0	1054415
0	1171.0	1060424
0	1223.0	1066395
0	1211.0	1072418
0	1197.0	1078429
0	1180.0	1084426
0	1197.0	1090406
0	1190.0	1096403
0	1221.0	1102393
0	1200.0	1108414
0	1188.0	1114414
0	1228.0	1120402
0	1245.0	1126430
0	1207.0	1132475
0	1162.0	1138482
0	1215.0	1144444
0	1218.0	1150459
0	1163.0	1156477
0	1158.0	1162440
0	1190.0	1168398
0	1197.0	1174388
0	1183.0	1180385
0	1241.0	1186368
0	1249.0	1192409
0	1192.0	1198458
0	1152.0	1204450
0	1227.0	1210402
0	1236.0	1216429
0	1195.0	1222465
0	1212.0	1228460
0	1200.0	1234472
0	1164.0	1240472
0	1226.0	1246436
0	1194.0	1252462
0	1182.0	1258456
0	1189.0	1264438
0	1190.0	1270427
0	1233.0	1276417
0	1211.0	1282450
0	1189.0	1288461
0	1160.0	1294450
0	1231.0	1300410
0	1229.0	1306441
0	1189.0	1312470
0	1217.0	1318459
0	1178.0	1324476
0	1171.0	1330454
0	1194.0	1336425
0	1193.0	1342419
0	1192.0	1348412
0	1235.0	1354404
0	1177.0	1360439
0	1182.0	1366416
0	1203.0	1372398
0	1234.0	1378401
0	1219.0	1384435
0	1165.0	1390454
0	1169.0	1396419
0	1171.0	1402388
0	1232.0	1408359
0	1164.0	1414391
0	1169.0	1420355
0	1244.0	1426324
0	1162.0	1432368
0	1182.0	1438330
0	1153.0	1444312
0	1202.0	1450265
0	1235.0	1456267
0	1244.0	1462302
0	1225.0	1468346
0	1156.0	1474371
0	1237.0	1480327
0	1223.0	1486364
0	1162.0	1492387
0	1212.0	1498349
0	1152.0	1504361
0	1219.0	1510313
0	1183.0	1516332
0	1158.0	1522315
0	1193.0	1528273
0	1195.0	1534266
0	1157.0	1540261
0	1198.0	1546218
0	1245.0	1552216
0	1229.0	1558261
0	1153.0	1564290
0	1188.0	1570243
0	1207.0	1576231
0	1194.0	1582238
0	1247.0	1588232
0	1195.0	1594279
0	1174.0	1600274
0	1245.0	1606248
0	1178.0	1612293
0	1248.0	1618271
0	1232.0	1624319
0	1212.0	1630351
0	1232.0	1636363
0	1236.0	1642395
0	1199.0	1648431
0	1185.0	1654430
0	1216.0	1660415
0	1195.0	1666431
0	1246.0	1672426
0	1185.0	1678472
0	1219.0	1684457
0	1229.0	1690476
0	1244.0	1696505
0	1236.0	1702549
0	1224.0	1708585
0	1152.0	1714609
0	1221.0	1720561
0	1151.0	1726582
0	1213.0	1732533
0	1214.0	1738546
0	1181.0	1744560
0	1227.0	1750541
0	1152.0	1756568
0	1161.0	1762520
0	1243.0	1768481
0	1202.0	1774524
0	1184.0	1780526
0	1240.0	1786510
0	1191.0	1792550
0	1163.0	1798541
0	1156.0	1804504
0	1198.0	1810460
0	1216.0	1816458
0	1241.0	1822474
0	1235.0	1828515
0	1167.0	1834550
0	1183.0	1840517
0	1212.0	1846500
0	1209.0	1852512
0	1183.0	1858521
0	1157.0	1864504
0	1241.0	1870461
0	1160.0	1876502
0	1192.0	1882462
0	1233.0	1888454
0	1236.0	1894487
0	1224.0	1900523
0	1176.0	1906547
0	1236.0	1912523
0	1209.0	1918559
0	1222.0	1924568
0	1238.0	1930590
0	1180.0	1936628
0	1161.0	1942608
0	1243.0	1948569
0	1156.0	1954612
0	1160.0	1960568
0	1198.0	1966528
0	1221.0	1972526
0	1175.0	1978547
0	1199.0	1984522
0	1157.0	1990521
0	1162.0	1996478
0	1195.0	2002440
0	1161.0	2008435
0	1185.0	2014396
0	1227.0	2020381
0	1234.0	2026408
0	1236.0	2032442
0	1181.0	2038478
0	1188.0	2044459
0	1190.0	2050447
0	1162.0	2056437
0	1151.0	2062399
0	1188.0	2068350
0	1177.0	2074338
0	1183.0	2080315
0	1176.0	2086298
0	1247.0	2092274
0	1216.0	2098321
0	1240.0	2104337
0	1206.0	2110377
0	1152.0	2116383
0	1187.0	2122335
0	1192.0	2128322
0	1246.0	2134314
0	1195.0	2140360
0	1208.0	2146355
0	1174.0	2152363
0	1154.0	2158337
0	1243.0	2164291
0	1208.0	2170334
0	1210.0	2176342
0	1152.0	2182352
0	1177.0	2188304
0	1186.0	2194281
0	1178.0	2200267
0	1172.0	2206245
0	1213.0	2212217
0	1187.0	2218230
0	1156.0	2224217
0	1182.0	2230173
0	1179.0	2236155
0	1178.0	2242134
0	1155.0	2248112
0	1190.0	2254067
0	1216.0	2260057
0	1214.0	2266073
0	1244.0	2272087
0	1218.0	2278131
0	1241.0	2284149
0	1220.0	2290190
0	1206.0	2296210
0	1159.0	2302216
0	1212.0	2308175
0	1152.0	2314187
0	1190.0	2320139
0	1186.0	2326129
0	1215.0	2332115
0	1222.0	2338130
0	1196.0	2344152
0	1243.0	2350148
0	1186.0	2356191
0	1240.0	2362177
0	1194.0	2368217
0	1240.0	2374211
0	1208.0	2380251
0	1219.0	2386259
0	1241.0	2392278
0	1205.0	2398319
0	1229.0	2404324
0	1246.0	2410353
0	1210.0	2416399
0	1171.0	2422409
0	1241.0	2428380
0	1179.0	2434421
0	1196.0	2440400
0	1237.0	2446396
0	1242.0	2452433
0	1189.0	2458475
0	1169.0	2464464
0	1190.0	2470433
0	1210.0	2476423
0	1212.0	2482433
0	1234.0	2488445
0	1173.0	2494479
0	1223.0	2500452
0	1239.0	2506475
0	1160.0	2512514
0	1247.0	2518474
0	1216.0	2524521
0	1216.0	2530537
0	1162.0	2536553
0	1182.0	2542515
0	1181.0	2548497
0	1222.0	2554478
0	1238.0	2560500
0	1200.0	2566538
0	1230.0	2572538
0	1233.0	2578568
0	1198.0	2584601
0	1237.0	2590599
0	1172.0	2596636
0	1216.0	2602608
0	1205.0	2608624
0	1208.0	2614629
0	1182.0	2620637
0	1214.0	2626619
0	1211.0	2632633
0	1188.0	2638644
0	1249.0	2644632
0	1166.0	2650681
0	1237.0	2656647
0	1249.0	2662684
0	1207.0	2668733
0	1241.0	2674740
0	1228.0	2680781
0	1192.0	2686809
0	1194.0	2692801
0	1229.0	2698795
0	1216.0	2704824
0	1173.0	2710840
0	1182.0	2716813
0	1201.0	2722795
0	1195.0	2728796
0	1198.0	2734791
0	1222.0	2740789
0	1248.0	2746811
0	1163.0	2752859
0	1223.0	2758822
0	1229.0	2764845
0	1156.0	2770874
0	1205.0	2776830
0	1167.0	2782835
0	1236.0	2788802
0	1200.0	2794838
0	1156.0	2800838
0	1224.0	2806794
0	1186.0	2812818
0	1236.0	2818804
0	1215.0	2824840
0	1178.0	2830855
0	1239.0	2836833
0	1248.0	2842872
0	1230.0	2848920
0	1193.0	2854950
0	1152.0	2860943
0	1248.0	2866895
0	1192.0	2872943
0	1157.0	2878935
0	1229.0	2884892
0	1157.0	2890921
0	1153.0	2896878
0	1207.0	2902831
0	1168.0	2908838
0	1180.0	2914806
0	1183.0	2920786
0	1227.0	2926769
0	1159.0	2932796
0	1177.0	2938755
0	1228.0	2944732
0	1186.0	2950760
0	1195.0	2956746
0	1241.0	2962741
0	1200.0	2968782
0	1175.0	2974782
0	1200.0	2980757
0	1242.0	2986757
0	1197.0	2992799
0	1218.0	2998796
0	1187.0	3004814
0	1184.0	3010801
0	1151.0	3016785
0	1152.0	3022736
0	1184.0	3028688
0	1160.0	3034672
0	1209.0	3040632
0	1171.0	3046641
0	1177.0	3052612
0	1167.0	3058589
0	1165.0	3064556
0	1200.0	3070521
0	1173.0	3076521
0	1228.0	3082494
0	1202.0	3088522
0	1157.0	3094524
0	1228.0	3100481
0	1177.0	3106509
0	1193.0	3112486
0	1243.0	3118479
0	1203.0	3124522
0	1169.0	3130525
0	1198.0	3136494
0	1229.0	3142492
0	1220.0	3148521
0	1228.0	3154541
0	1184.0	3160569
0	1172.0	3166553
0	1211.0	3172525
0	1217.0	3178536
0	1207.0	3184553
0	1172.0	3190560
0	1151.0	3196532
0	1177.0	3202483
0	1164.0	3208460
0	1242.0	3214424
0	1202.0	3220466
0	1240.0	3226468
0	1228.0	3232508
0	1246.0	3238536
0	1197.0	3244582
0	1234.0	3250579
0	1167.0	3256613
0	1159.0	3262580
0	1160.0	3268539
0	1155.0	3274499
0	1232.0	3280454
0	1166.0	3286486
0	1173.0	3292452
0	1187.0	3298425
0	1200.0	3304412
0	1194.0	3310412
0	1185.0	3316406
0	1155.0	3322391
0	1202.0	3328346
0	1181.0	3334348
0	1239.0	3340329
0	1220.0	3346368
0	1240.0	3352388
0	1180.0	3358428
0	1214.0	3364408
0	1215.0	3370422
0	1174.0	3376437
0	1195.0	3382411
0	1191.0	3388406
0	1228.0	3394397
0	1199.0	3400425
0	1182.0	3406424
0	1169.0	3412406
0	1187.0	3418375
0	1173.0	3424362
0	1165.0	3430335
0	1201.0	3436300
0	1247.0	3442301
0	1179.0	3448348
0	1212.0	3454327
0	1204.0	3460339
0	1210.0	3466343
0	1164.0	3472353
0	1226.0	3478317
0	1228.0	3484343
0	1152.0	3490371
0	1246.0	3496323
0	1176.0	3502369
0	1201.0	3508345
0	1229.0	3514346
0	1245.0	3520375
0	1180.0	3526420
0	1180.0	3532400
0	1197.0	3538380
0	1177.0	3544377
0	1232.0	3550354
0	1198.0	3556386
0	1168.0	3562384
0	1162.0	3568352
0	1196.0	3574314
0	1204.0	3580310
0	1186.0	3586314
0	1219.0	3592300
0	1234.0	3598319
0	1235.0	3604353
0	1196.0	3610388
0	1217.0	3616384
0	1154.0	3622401
0	1178.0	3628355
0	1224.0	3634333
0	1246.0	3640357
0	1156.0	3646403
0	1212.0	3652359
0	1222.0	3658371
0	1211.0	3664393
0	1210.0	3670404
0	1153.0	3676414
0	1163.0	3682367
0	1229.0	3688330
0	1234.0	3694359
0	1225.0	3700393
0	1168.0	3706418
0	1222.0	3712386
0	1246.0	3718408
0	1244.0	3724454
0	1237.0	3730498
0	1180.0	3736535
0	1204.0	3742515
0	1165.0	3748519
0	1197.0	3754484
0	1226.0	3760481
0	1170.0	3766507
0	1239.0	3772477
0	1189.0	3778516
0	1155.0	3784505
0	1156.0	3790460
0	1193.0	3796416
0	1151.0	3802409
0	1217.0	3808360
0	1151.0	3814377
0	1248.0	3820328
0	1202.0	3826376
0	1203.0	3832378
0	1181.0	3838381
0	1211.0	3844362
0	1180.0	3850373
0	1153.0	3856353
0	1220.0	3862306
0	1153.0	3868326
0	1185.0	3874279
0	1203.0	3880264
0	1184.0	3886267
0	1208.0	3892251
0	1163.0	3898259
0	1173.0	3904222
0	1173.0	3910195
0	1221.0	3916168
0	1191.0	3922189
0	1215.0	3928180
0	1162.0	3934195
0	1232.0	3940157
0	1192.0	3946189
0	1242.0	3952181
0	1223.0	3958223
0	1177.0	3964246
0	1167.0	3970223
0	1168.0	3976190
0	1178.0	3982158
0	1241.0	3988136
0	1225.0	3994177
0	1213.0	4000202
0	1247.0	4006215
0	1246.0	4012262
0	1159.0	4018308
0	1222.0	4024267
0	1197.0	4030289
0	1212.0	4036286
0	1166.0	4042298
0	1220.0	4048264
0	1174.0	4054284
0	1237.0	4060258
0	1209.0	4066295
0	1213.0	4072304
0	1151.0	4078317
0	1227.0	4084268
0	1198.0	4090295
0	1153.0	4096293
0	1222.0	4102246
0	1212.0	4108268
0	1249.0	4114280
0	1239.0	4120329
0	1240.0	4126368
0	1156.0	4132408
0	1199.0	4138364
0	1157.0	4144363
0	1214.0	4150320
0	1245.0	4156334
0	1242.0	4162379
0	1154.0	4168421
0	1216.0	4174375
0	1200.0	4180391
0	1210.0	4186391
0	1176.0	4192401
0	1172.0	4198377
0	1207.0	4204349
0	1153.0	4210356
0	1200.0	4216309
0	1172.0	4222309
0	1198.0	4228281
0	1224.0	4234279
0	1221.0	4240303
0	1210.0	4246324
0	1194.0	4252334
0	1230.0	4258328
0	1161.0	4264358
0	1249.0	4270319
0	1151.0	4276368
0	1236.0	4282319
0	1231.0	4288355
0	1183.0	4294386
0	1191.0	4300369
0	1160.0	4306360
0	1233.0	4312320
0	1156.0	4318353
0	1167.0	4324309
0	1154.0	4330276
0	1169.0	4336230
0	1219.0	4342199
0	1164.0	4348218
0	1182.0	4354182
0	1161.0	4360164
0	1208.0	4366125
0	1235.0	4372133
0	1170.0	4378168
0	1160.0	4384138
0	1181.0	4390098
0	1190.0	4396079
0	1199.0	4402069
0	1248.0	4408068
0	1194.0	4414116
0	1224.0	4420110
0	1242.0	4426134
0	1179.0	4432176
0	1219.0	4438155
0	1185.0	4444174
0	1245.0	4450159
0	1176.0	4456204
0	1178.0	4462180
0	1226.0	4468158
0	1238.0	4474184
0	1222.0	4480222
0	1215.0	4486244
0	1185.0	4492259
0	1154.0	4498244
0	1177.0	4504198
0	1216.0	4510175
0	1160.0	4516191
0	1223.0	4522151
0	1239.0	4528174
0	1230.0	4534213
0	1197.0	4540243
0	1245.0	4546240
0	1234.0	4552285
0	1167.0	4558319
0	1207.0	4564286
0	1219.0	4570293
0	1193.0	4576312
0	1189.0	4582305
0	1216.0	4588294
0	1161.0	4594310
0	1231.0	4600271
0	1162.0	4606302
0	1167.0	4612264
0	1162.0	4618231
0	1195.0	4624193
0	1198.0	4630188
0	1176.0	4636186
0	1183.0	4642162
0	1235.0	4648145
0	1234.0	4654180
0	1202.0	4660214
0	1201.0	4666216
0	1224.0	4672217
0	1249.0	4678241
0	1182.0	4684290
0	1205.0	4690272
0	1227.0	4696277
0	1193.0	4702304
0	1176.0	4708297
0	1181.0	4714273
0	1216.0	4720254
0	1171.0	4726270
0	1151.0	4732241
0	1189.0	4738192
0	1189.0	4744181
0	1168.0	4750170
0	1161.0	4756138
0	1233.0	4762099
0	1190.0	4768132
0	1218.0	4774122
0	1247.0	4780140
0	1173.0	4786187
0	1209.0	4792160
0	1205.0	4798169
0	1168.0	4804174
0	1210.0	4810142
0	1153.0	4816152
0	1232.0	4822105
0	1189.0	4828137
0	1249.0	4834126
0	1192.0	4840175
0	1175.0	4846167
0	1167.0	4852142
0	1231.0	4858109
0	1200.0	4864140
0	1192.0	4870140
0	1161.0	4876132
0	1216.0	4882093
0	1243.0	4888109
0	1183.0	4894152
0	1234.0	4900135
0	1202.0	4906169
0	1194.0	4912171
0	1239.0	4918165
0	1179.0	4924204
0	1169.0	4930183
0	1201.0	4936152
0	1156.0	4942153
0	1215.0	4948109
0	1171.0	4954124
0	1187.0	4960095
0	1171.0	4966082
0	1172.0	4972053
0	1181.0	4978025
0	1221.0	4984006
0	1221.0	4990027
0	1233.0	4996048
0	1172.0	5002081
0	1225.0	5008053
1	1202.0	4800
1	1172.0	10802
1	1211.0	16774
1	1230.0	22785
1	1172.0	28815
1	1207.0	34787
1	1229.0	40794
1	1173.0	46823
1	1166.0	52796
1	1151.0	58762
1	1223.0	64713
1	1221.0	70736
1	1220.0	76757
1	1178.0	82777
1	1197.0	88755
1	1189.0	94752
1	1181.0	100741
1	1224.0	106722
1	1185.0	112746
1	1238.0	118731
1	1186.0	124769
1	1205.0	130755
1	1229.0	136760
1	1200.0	142789
1	1228.0	148789
1	1226.0	154817
1	1215.0	160843
1	1187.0	166858
1	1238.0	172845
1	1233.0	178883
1	1161.0	184916
1	1226.0	190877
1	1214.0	196903
1	1203.0	202917
1	1195.0	208920
1	1156.0	214915
1	1219.0	220871
1	1214.0	226890
1	1213.0	232904
1	1249.0	238917
1	1169.0	244966
1	1209.0	250935
1	1227.0	256944
1	1158.0	262971
1	1204.0	268929
1	1240.0	274933
1	1242.0	280973
1	1247.0	287015
1	1175.0	293062
1	1185.0	299037
1	1243.0	305022
1	1195.0	311065
1	1173.0	317060
1	1226.0	323033
1	1229.0	329059
1	1216.0	335088
1	1182.0	341104
1	1242.0	347086
1	1189.0	353128
1	1226.0	359117
1	1210.0	365143
1	1242.0	371153
1	1242.0	377195
1	1170.0	383237
1	1154.0	389207
1	1218.0	395161
1	1207.0	401179
1	1198.0	407186
1	1154.0	413184
1	1187.0	419138
1	1155.0	425125
1	1176.0	431080
1	1169.0	437056
1	1233.0	443025
1	1151.0	449058
1	1239.0	455009
1	1247.0	461048
1	1249.0	467095
1	1172.0	473144
1	1178.0	479116
1	1160.0	485094
1	1193.0	491054
1	1245.0	497047
1	1169.0	503092
1	1181.0	509061
1	1218.0	515042
1	1214.0	521060
1	1204.0	527074
1	1173.0	533078
1	1214.0	539051
1	1208.0	545065
1	1223.0	551073
1	1228.0	557096
1	1199.0	563124
1	1164.0	569123
1	1168.0	575087
1	1169.0	581055
1	1156.0	587024
1	1197.0	592980
1	1244.0	598977
1	1195.0	605021
1	1178.0	611016
1	1249.0	616994
1	1200.0	623043
1	1203.0	629043
1	1188.0	635046
1	1225.0	641034
1	1163.0	647059
1	1156.0	653022
1	1249.0	658978
1	1161.0	665027
1	1200.0	670988
1	1172.0	676988
1	1236.0	682960
1	1201.0	688996
1	1154.0	694997
1	1233.0	700951
1	1165.0	706984
1	1181.0	712949
1	1248.0	718930
1	1176.0	724978
1	1192.0	730954
1	1228.0	736946
1	1195.0	742974
1	1166.0	748969
1	1185.0	754935
1	1212.0	760920
1	1245.0	766932
1	1177.0	772977
1	1234.0	778954
1	1219.0	784988
1	1203.0	791007
1	1225.0	797010
1	1160.0	803035
1	1211.0	808995
1	1185.0	815006
1	1232.0	820991
1	1161.0	827023
1	1197.0	832984
1	1166.0	838981
1	1230.0	844947
1	1242.0	850977
1	1156.0	857019
1	1232.0	862975
1	1215.0	869007
1	1195.0	875022
1	1168.0	881017
1	1165.0	886985
1	1244.0	892950
1	1222.0	898994
1	1234.0	905016
1	1211.0	911050
1	1195.0	917061
1	1200.0	923056
1	1217.0	929056
1	1193.0	935073
1	1236.0	941066
1	1243.0	947102
1	1206.0	953145
1	1189.0	959151
1	1195.0	965140
1	1157.0	971135
1	1248.0	977092
1	1183.0	983140
1	1182.0	989123
1	1215.0	995105
1	1183.0	1001120
1	1215.0	1007103
1	1186.0	1013118
1	1153.0	1019104
1	1154.0	1025057
1	1198.0	1031011
1	1201.0	1037009
1	1167.0	1043010
1	1224.0	1048977
1	1192.0	1055001
1	1158.0	1060993
1	1198.0	1066951
1	1211.0	1072949
1	1181.0	1078960
1	1179.0	1084941
1	1182.0	1090920
1	1169.0	1096902
1	1221.0	1102871
1	1186.0	1108892
1	1187.0	1114878
1	1154.0	1120865
1	1236.0	1126819
1	1194.0	1132855
1	1209.0	1138849
1	1203.0	1144858
1	1203.0	1150861
1	1193.0	1156864
1	1232.0	1162857
1	1196.0	1168889
1	1199.0	1174885
1	1178.0	1180884
1	1157.0	1186862
1	1181.0	1192819
1	1163.0	1198800
1	1159.0	1204763
1	1173.0	1210722
1	1190.0	1216695
1	1208.0	1222685
1	1172.0	1228693
1	1194.0	1234665
1	1223.0	1240659
1	1223.0	1246682
1	1243.0	1252705
1	1219.0	1258748
1	1204.0	1264767
1	1214.0	1270771
1	1234.0	1276785
1	1233.0	1282819
1	1166.0	1288852
1	1184.0	1294818
1	1210.0	1300802
1	1185.0	1306812
1	1240.0	1312797
1	1160.0	1318837
1	1236.0	1324797
1	1168.0	1330833
1	1234.0	1336801
1	1216.0	1342835
1	1177.0	1348851
1	1225.0	1354828
1	1166.0	1360853
1	1210.0	1366819
1	1248.0	1372829
1	1160.0	1378877
1	1164.0	1384837
1	1151.0	1390801
1	1223.0	1396752
1	1181.0	1402775
1	1187.0	1408756
1	1161.0	1414743
1	1200.0	1420704
1	1245.0	1426704
1	1200.0	1432749
1	1164.0	1438749
1	1243.0	1444713
1	1188.0	1450756
1	1226.0	1456744
1	1211.0	1462770
1	1156.0	1468781
1	1184.0	1474737
1	1232.0	1480721
1	1212.0	1486753
1	1211.0	1492765
1	1215.0	1498776
1	1162.0	1504791
1	1189.0	1510753
1	1160.0	1516742
1	1242.0	1522702
1	1169.0	1528744
1	1189.0	1534713
1	1198.0	1540702
1	1236.0	1546700
1	1227.0	1552736
1	1178.0	1558763
1	1229.0	1564741
1	1237.0	1570770
1	1223.0	1576807
1	1154.0	1582830
1	1164.0	1588784
1	1235.0	1594748
1	1217.0	1600783
1	1173.0	1606800
1	1202.0	1612773
1	1248.0	1618775
1	1213.0	1624823
1	1209.0	1630836
1	1217.0	1636845
1	1222.0	1642862
1	1213.0	1648884
1	1168.0	1654897
1	1163.0	1660865
1	1174.0	1666828
1	1151.0	1672802
1	1200.0	1678753
1	1205.0	1684753
1	1200.0	1690758
1	1240.0	1696758
1	1247.0	1702798
1	1208.0	1708845
1	1202.0	1714853
1	1194.0	1720855
1	1158.0	1726849
1	1177.0	1732807
1	1198.0	1738784
1	1223.0	1744782
1	1245.0	1750805
1	1243.0	1756850
1	1226.0	1762893
1	1201.0	1768919
1	1224.0	1774920
1	1240.0	1780944
1	1182.0	1786984
1	1183.0	1792966
1	1178.0	1798949
1	1182.0	1804927
1	1200.0	1810909
1	1185.0	1816909
1	1230.0	1822894
1	1213.0	1828924
1	1200.0	1834937
1	1217.0	1840937
1	1176.0	1846954
1	1213.0	1852930
1	1238.0	1858943
1	1155.0	1864981
1	1199.0	1870936
1	1216.0	1876935
1	1205.0	1882951
1	1242.0	1888956
1	1180.0	1894998
1	1180.0	1900978
1	1200.0	1906958
1	1230.0	1912958
1	1208.0	1918988
1	1164.0	1924996
1	1200.0	1930960
1	1187.0	1936960
1	1249.0	1942947
1	1228.0	1948996
1	1204.0	1955024
1	1229.0	1961028
1	1243.0	1967057
1	1175.0	1973100
1	1156.0	1979075
1	1166.0	1985031
1	1218.0	1990997
1	1178.0	1997015
1	1172.0	2002993
1	1168.0	2008965
1	1200.0	2014933
1	1181.0	2020933
1	1239.0	2026914
1	1194.0	2032953
1	1200.0	2038947
1	1189.0	2044947
1	1185.0	2050936
1	1241.0	2056921
1	1231.0	2062962
1	1217.0	2068993
1	1220.0	2075010
1	1191.0	2081030
1	1205.0	2087021
1	1227.0	2093026
1	1230.0	2099053
1	1167.0	2105083
1	1162.0	2111050
1	1220.0	2117012
1	1243.0	2123032
1	1199.0	2129075
1	1154.0	2135074
1	1183.0	2141028
1	1233.0	2147011
1	1199.0	2153044
1	1187.0	2159043
1	1163.0	2165030
1	1215.0	2170993
1	1215.0	2177008
1	1163.0	2183023
1	1247.0	2188986
1	1224.0	2195033
1	1249.0	2201057
1	1242.0	2207106
1	1217.0	2213148
1	1216.0	2219165
1	1217.0	2225181
1	1167.0	2231198
1	1196.0	2237165
1	1195.0	2243161
1	1196.0	2249156
1	1230.0	2255152
1	1212.0	2261182
1	1238.0	2267194
1	1213.0	2273232
1	1196.0	2279245
1	1210.0	2285241
1	1210.0	2291251
1	1220.0	2297261
1	1197.0	2303281
1	1222.0	2309278
1	1214.0	2315300
1	1164.0	2321314
1	1201.0	2327278
1	1234.0	2333279
1	1220.0	2339313
1	1151.0	2345333
1	1230.0	2351284
1	1213.0	2357314
1	1200.0	2363327
1	1159.0	2369327
1	1233.0	2375286
1	1166.0	2381319
1	1165.0	2387285
1	1174.0	2393250
1	1224.0	2399224
1	1235.0	2405248
1	1202.0	2411283
1	1222.0	2417285
1	1187.0	2423307
1	1209.0	2429294
1	1152.0	2435303
1	1243.0	2441255
1	1197.0	2447298
1	1231.0	2453295
1	1186.0	2459326
1	1213.0	2465312
1	1174.0	2471325
1	1154.0	2477299
1	1198.0	2483253
1	1220.0	2489251
1	1189.0	2495271
1	1194.0	2501260
1	1184.0	2507254
1	1210.0	2513238
1	1208.0	2519248
1	1242.0	2525256
1	1215.0	2531298
1	1194.0	2537313
1	1175.0	2543307
1	1209.0	2549282
1	1206.0	2555291
1	1222.0	2561297
1	1188.0	2567319
1	1156.0	2573307
1	1205.0	2579263
1	1185.0	2585268
1	1151.0	2591253
1	1159.0	2597204
1	1224.0	2603163
1	1164.0	2609187
1	1202.0	2615151
1	1226.0	2621153
1	1197.0	2627179
1	1235.0	2633176
1	1190.0	2639211
1	1155.0	2645201
1	1162.0	2651156
1	1163.0	2657118
1	1244.0	2663081
1	1240.0	2669125
1	1217.0	2675165
1	1221.0	2681182
1	1182.0	2687203
1	1160.0	2693185
1	1233.0	2699145
1	1216.0	2705178
1	1164.0	2711194
1	1212.0	2717158
1	1221.0	2723170
1	1244.0	2729191
1	1190.0	2735235
1	1195.0	2741225
1	1202.0	2747220
1	1202.0	2753222
1	1192.0	2759224
1	1239.0	2765216
1	1179.0	2771255
1	1205.0	2777234
1	1199.0	2783239
1	1235.0	2789238
1	1156.0	2795273
1	1204.0	2801229
1	1159.0	2807233
1	1151.0	2813192
1	1208.0	2819143
1	1249.0	2825151
1	1234.0	2831200
1	1167.0	2837234
1	1209.0	2843201
1	1221.0	2849210
1	1245.0	2855231
1	1225.0	2861276
1	1230.0	2867301
1	1239.0	2873331
1	1175.0	2879370
1	1229.0	2885345
1	1206.0	2891374
1	1161.0	2897380
1	1164.0	2903341
1	1249.0	2909305
1	1239.0	2915354
1	1199.0	2921393
1	1190.0	2927392
1	1185.0	2933382
1	1157.0	2939367
1	1237.0	2945324
1	1246.0	2951361
1	1216.0	2957407
1	1240.0	2963423
1	1233.0	2969463
1	1173.0	2975496
1	1187.0	2981469
1	1227.0	2987456
1	1234.0	2993483
1	1197.0	2999517
1	1202.0	3005514
1	1201.0	3011516
1	1218.0	3017517
1	1161.0	3023535
1	1227.0	3029496
1	1208.0	3035523
1	1188.0	3041531
1	1224.0	3047519
1	1179.0	3053543
1	1209.0	3059522
1	1208.0	3065531
1	1247.0	3071539
1	1202.0	3077586
1	1184.0	3083588
1	1202.0	3089572
1	1176.0	3095574
1	1224.0	3101550
1	1234.0	3107574
1	1217.0	3113608
1	1234.0	3119625
1	1208.0	3125659
1	1192.0	3131667
1	1222.0	3137659
1	1222.0	3143681
1	1167.0	3149703
1	1233.0	3155670
1	1164.0	3161703
1	1185.0	3167667
1	1173.0	3173652
1	1171.0	3179625
1	1205.0	3185596
1	1176.0	3191601
1	1155.0	3197577
1	1161.0	3203532
1	1187.0	3209493
1	1165.0	3215480
1	1174.0	3221445
1	1198.0	3227419
1	1160.0	3233417
1	1239.0	3239377
1	1247.0	3245416
1	1155.0	3251463
1	1171.0	3257418
1	1197.0	3263389
1	1199.0	3269386
1	1181.0	3275385
1	1176.0	3281366
1	1213.0	3287342
1	1174.0	3293355
1	1222.0	3299329
1	1246.0	3305351
1	1154.0	3311397
1	1168.0	3317351
1	1169.0	3323319
1	1238.0	3329288
1	1223.0	3335326
1	1178.0	3341349
1	1151.0	3347327
1	1237.0	3353278
1	1159.0	3359315
1	1188.0	3365274
1	1171.0	3371262
1	1194.0	3377233
1	1220.0	3383227
1	1187.0	3389247
1	1192.0	3395234
1	1188.0	3401226
1	1193.0	3407214
1	1240.0	3413207
1	1212.0	3419247
1	1238.0	3425259
1	1188.0	3431297
1	1249.0	3437285
1	1225.0	3443334
1	1187.0	3449359
1	1205.0	3455346
1	1213.0	3461351
1	1180.0	3467364
1	1224.0	3473344
1	1153.0	3479368
1	1218.0	3485321
1	1193.0	3491339
1	1159.0	3497332
1	1190.0	3503291
1	1220.0	3509281
1	1195.0	3515301
1	1207.0	3521296
1	1179.0	3527303
1	1199.0	3533282
1	1234.0	3539281
1	1214.0	3545315
1	1162.0	3551329
1	1175.0	3557291
1	1163.0	3563266
1	1194.0	3569229
1	1189.0	3575223
1	1174.0	3581212
1	1200.0	3587186
1	1151.0	3593186
1	1156.0	3599137
1	1216.0	3605093
1	1164.0	3611109
1	1242.0	3617073
1	1159.0	3623115
1	1184.0	3629074
1	1203.0	3635058
1	1166.0	3641061
1	1238.0	3647027
1	1201.0	3653065
1	1172.0	3659066
1	1245.0	3665038
1	1160.0	3671083
1	1213.0	3677043
1	1243.0	3683056
1	1222.0	3689099
1	1181.0	3695121
1	1200.0	3701102
1	1154.0	3707102
1	1183.0	3713056
1	1154.0	3719039
1	1217.0	3724993
1	1200.0	3731010
1	1174.0	3737010
1	1159.0	3742984
1	1174.0	3748943
1	1243.0	3754917
1	1227.0	3760960
1	1170.0	3766987
1	1194.0	3772957
1	1194.0	3778951
1	1229.0	3784945
1	1166.0	3790974
1	1214.0	3796940
1	1222.0	3802954
1	1157.0	3808976
1	1206.0	3814933
1	1177.0	3820939
1	1176.0	3826916
1	1233.0	3832892
1	1155.0	3838925
1	1180.0	3844880
1	1241.0	3850860
1	1170.0	3856901
1	1151.0	3862871
1	1218.0	3868822
1	1151.0	3874840
1	1190.0	3880791
1	1151.0	3886781
1	1152.0	3892732
1	1162.0	3898684
1	1246.0	3904646
1	1196.0	3910692
1	1164.0	3916688
1	1181.0	3922652
1	1232.0	3928633
1	1192.0	3934665
1	1188.0	3940657
1	1206.0	3946645
1	1185.0	3952651
1	1204.0	3958636
1	1161.0	3964640
1	1214.0	3970601
1	1154.0	3976615
1	1194.0	3982569
1	1172.0	3988563
1	1245.0	3994535
1	1199.0	4000580
1	1160.0	4006579
1	1244.0	4012539
1	1242.0	4018583
1	1213.0	4024625
1	1157.0	4030638
1	1160.0	4036595
1	1159.0	4042555
1	1163.0	4048514
1	1178.0	4054477
1	1193.0	4060455
1	1161.0	4066448
1	1214.0	4072409
1	1240.0	4078423
1	1186.0	4084463
1	1151.0	4090449
1	1151.0	4096400
1	1192.0	4102351
1	1236.0	4108343
1	1204.0	4114379
1	1200.0	4120383
1	1186.0	4126383
1	1176.0	4132369
1	1206.0	4138345
1	1188.0	4144351
1	1229.0	4150339
1	1185.0	4156368
1	1191.0	4162353
1	1213.0	4168344
1	1159.0	4174357
1	1175.0	4180316
1	1216.0	4186291
1	1215.0	4192307
1	1238.0	4198322
1	1183.0	4204360
1	1155.0	4210343
1	1241.0	4216298
1	1151.0	4222339
1	1203.0	4228290
1	1210.0	4234293
1	1249.0	4240303
1	1232.0	4246352
1	1217.0	4252384
1	1201.0	4258401
1	1196.0	4264402
1	1152.0	4270398
1	1178.0	4276350
1	1176.0	4282328
1	1171.0	4288304
1	1164.0	4294275
1	1158.0	4300239
1	1189.0	4306197
1	1241.0	4312186
1	1180.0	4318227
1	1173.0	4324207
1	1151.0	4330180
1	1179.0	4336131
1	1153.0	4342110
1	1157.0	4348063
1	1213.0	4354020
1	1159.0	4360033
1	1239.0	4365992
1	1211.0	4372031
1	1219.0	4378042
1	1206.0	4384061
1	1217.0	4390067
1	1181.0	4396084
1	1176.0	4402065
1	1194.0	4408041
1	1245.0	4414035
1	1203.0	4420080
1	1249.0	4426083
1	1169.0	4432132
1	1183.0	4438101
1	1244.0	4444084
1	1228.0	4450128
1	1244.0	4456156
1	1223.0	4462200
1	1171.0	4468223
1	1243.0	4474194
1	1187.0	4480237
1	1178.0	4486224
1	1248.0	4492202
1	1160.0	4498250
1	1189.0	4504210
1	1182.0	4510199
1	1231.0	4516181
1	1203.0	4522212
1	1232.0	4528215
1	1242.0	4534247
1	1157.0	4540289
1	1242.0	4546246
1	1233.0	4552288
1	1211.0	4558321
1	1242.0	4564332
1	1224.0	4570374
1	1163.0	4576398
1	1193.0	4582361
1	1169.0	4588354
1	1160.0	4594323
1	1155.0	4600283
1	1168.0	4606238
1	1192.0	4612206
1	1166.0	4618198
1	1242.0	4624164
1	1230.0	4630206
1	1167.0	4636236
1	1189.0	4642203
1	1175.0	4648192
1	1231.0	4654167
1	1215.0	4660198
1	1172.0	4666213
1	1196.0	4672185
1	1190.0	4678181
1	1232.0	4684171
1	1204.0	4690203
1	1153.0	4696207
1	1246.0	4702160
1	1194.0	4708206
1	1233.0	4714200
1	1200.0	4720233
1	1154.0	4726233
1	1186.0	4732187
1	1234.0	4738173
1	1224.0	4744207
1	1204.0	4750231
1	1201.0	4756235
1	1216.0	4762236
1	1240.0	4768252
1	1192.0	4774292
1	1174.0	4780284
1	1168.0	4786258
1	1202.0	4792226
1	1204.0	4798228
1	1165.0	4804232
1	1195.0	4810197
1	1188.0	4816192
1	1195.0	4822180
1	1210.0	4828175
1	1211.0	4834185
1	1218.0	4840196
1	1208.0	4846214
1	1237.0	4852222
1	1172.0	4858259
1	1237.0	4864231
1	1202.0	4870268
1	1167.0	4876270
1	1241.0	4882237
1	1177.0	4888278
1	1185.0	4894255
1	1180.0	4900240
1	1173.0	4906220
1	1165.0	4912193
1	1170.0	4918158
1	1231.0	4924128
1	1197.0	4930159
1	1246.0	4936156
1	1195.0	4942202
1	1221.0	4948197
1	1233.0	4954218
1	1158.0	4960251
1	1195.0	4966209
1	1216.0	4972204
1	1201.0	4978220
1	1214.0	4984221
1	1170.0	4990235
1	1247.0	4996205
1	1235.0	5002252
1	1232.0	5008287
2	1217.0	4800
2	1165.0	10817
2	1226.0	16782
2	1172.0	22808
2	1199.0	28780
2	1216.0	34779
2	1152.0	40795
2	1160.0	46747
2	1164.0	52707
2	1188.0	58671
2	1218.0	64659
2	1207.0	70677
2	1190.0	76684
2	1208.0	82674
2	1201.0	88682
2	1239.0	94683
2	1178.0	100722
2	1243.0	106700
2	1165.0	112743
2	1242.0	118708
2	1208.0	124750
2	1185.0	130758
2	1237.0	136743
2	1208.0	142780
2	1192.0	148788
2	1223.0	154780
2	1160.0	160803
2	1206.0	166763
2	1200.0	172769
2	1169.0	178769
2	1205.0	184738
2	1174.0	190743
2	1202.0	196717
2	1222.0	202719
2	1201.0	208741
2	1158.0	214742
2	1225.0	220700
2	1202.0	226725
2	1152.0	232727
2	1195.0	238679
2	1173.0	244674
2	1199.0	250647
2	1233.0	256646
2	1197.0	262679
2	1194.0	268676
2	1244.0	274670
2	1168.0	280714
2	1176.0	286682
2	1161.0	292658
2	1249.0	298619
2	1206.0	304668
2	1215.0	310674
2	1170.0	316689
2	1195.0	322659
2	1211.0	328654
2	1215.0	334665
2	1154.0	340680
2	1170.0	346634
2	1226.0	352604
2	1194.0	358630
2	1171.0	364624
2	1165.0	370595
2	1216.0	376560
2	1249.0	382576
2	1169.0	388625
2	1153.0	394594
2	1211.0	400547
2	1220.0	406558
2	1196.0	412578
2	1153.0	418574
2	1198.0	424527
2	1169.0	430525
2	1225.0	436494
2	1162.0	442519
2	1184.0	448481
2	1217.0	454465
2	1249.0	460482
2	1161.0	466531
2	1220.0	472492
2	1199.0	478512
2	1218.0	484511
2	1187.0	490529
2	1153.0	496516
2	1181.0	502469
2	1249.0	508450
2	1177.0	514499
2	1172.0	520476
2	1194.0	526448
2	1240.0	532442
2	1242.0	538482
2	1181.0	544524
2	1175.0	550505
2	1236.0	556480
2	1218.0	562516
2	1171.0	568534
2	1244.0	574505
2	1234.0	580549
2	1199.0	586583
2	1230.0	592582
2	1244.0	598612
2	1221.0	604656
2	1194.0	610677
2	1187.0	616671
2	1233.0	622658
2	1177.0	628691
2	1235.0	634668
2	1236.0	640703
2	1221.0	646739
2	1233.0	652760
2	1234.0	658793
2	1173.0	664827
2	1181.0	670800
2	1216.0	676781
2	1159.0	682797
2	1246.0	688756
2	1247.0	694802
2	1161.0	700849
2	1205.0	706810
2	1219.0	712815
2	1247.0	718834
2	1224.0	724881
2	1230.0	730905
2	1227.0	736935
2	1243.0	742962
2	1203.0	749005
2	1210.0	755008
2	1190.0	761018
2	1212.0	767008
2	1226.0	773020
2	1200.0	779046
2	1243.0	785046
2	1191.0	791089
2	1170.0	797080
2	1210.0	803050
2	1191.0	809060
2	1228.0	815051
2	1228.0	821079
2	1221.0	827107
2	1228.0	833128
2	1205.0	839156
2	1177.0	845161
2	1167.0	851138
2	1193.0	857105
2	1222.0	863098
2	1154.0	869120
2	1224.0	875074
2	1225.0	881098
2	1222.0	887123
2	1166.0	893145
2	1154.0	899111
2	1206.0	905065
2	1193.0	911071
2	1243.0	917064
2	1243.0	923107
2	1165.0	929150
2	1223.0	935115
2	1217.0	941138
2	1197.0	947155
2	1166.0	953152
2	1228.0	959118
2	1215.0	965146
2	1233.0	971161
2	1191.0	977194
2	1167.0	983185
2	1231.0	989152
2	1155.0	995183
2	1189.0	1001138
2	1157.0	1007127
2	1249.0	1013084
2	1244.0	1019133
2	1187.0	1025177
2	1209.0	1031164
2	1221.0	1037173
2	1225.0	1043194
2	1214.0	1049219
2	1168.0	1055233
2	1158.0	1061201
2	1204.0	1067159
2	1226.0	1073163
2	1238.0	1079189
2	1214.0	1085227
2	1162.0	1091241
2	1228.0	1097203
2	1198.0	1103231
2	1179.0	1109229
2	1248.0	1115208
2	1160.0	1121256
2	1229.0	1127216
2	1185.0	1133245
2	1221.0	1139230
2	1233.0	1145251
2	1167.0	1151284
2	1171.0	1157251
2	1196.0	1163222
2	1233.0	1169218
2	1217.0	1175251
2	1229.0	1181268
2	1184.0	1187297
2	1224.0	1193281
2	1197.0	1199305
2	1207.0	1205302
2	1156.0	1211309
2	1176.0	1217265
2	1243.0	1223241
2	1198.0	1229284
2	1211.0	1235282
2	1176.0	1241293
2	1245.0	1247269
2	1209.0	1253314
2	1212.0	1259323
2	1207.0	1265335
2	1208.0	1271342
2	1206.0	1277350
2	1244.0	1283356
2	1247.0	1289400
2	1158.0	1295447
2	1154.0	1301405
2	1234.0	1307359
2	1168.0	1313393
2	1155.0	1319361
2	1211.0	1325316
2	1243.0	1331327
2	1175.0	1337370
2	1201.0	1343345
2	1242.0	1349346
2	1187.0	1355388
2	1244.0	1361375
2	1246.0	1367419
2	1236.0	1373465
2	1224.0	1379501
2	1189.0	1385525
2	1231.0	1391514
2	1239.0	1397545
2	1157.0	1403584
2	1170.0	1409541
2	1235.0	1415511
2	1231.0	1421546
2	1156.0	1427577
2	1182.0	1433533
2	1230.0	1439515
2	1187.0	1445545
2	1220.0	1451532
2	1209.0	1457552
2	1207.0	1463561
2	1173.0	1469568
2	1213.0	1475541
2	1233.0	1481554
2	1188.0	1487587
2	1166.0	1493575
2	1208.0	1499541
2	1159.0	1505549
2	1177.0	1511508
2	1178.0	1517485
2	1195.0	1523463
2	1241.0	1529458
2	1229.0	1535499
2	1178.0	1541528
2	1242.0	1547506
2	1225.0	1553548
2	1153.0	1559573
2	1221.0	1565526
2	1158.0	1571547
2	1222.0	1577505
2	1210.0	1583527
2	1240.0	1589537
2	1159.0	1595577
2	1153.0	1601536
2	1200.0	1607489
2	1177.0	1613489
2	1235.0	1619466
2	1193.0	1625501
2	1232.0	1631494
2	1232.0	1637526
2	1236.0	1643558
2	1229.0	1649594
2	1176.0	1655623
2	1193.0	1661599
2	1222.0	1667592
2	1234.0	1673614
2	1241.0	1679648
2	1233.0	1685689
2	1203.0	1691722
2	1184.0	1697725
2	1198.0	1703709
2	1222.0	1709707
2	1158.0	1715729
2	1206.0	1721687
2	1227.0	1727693
2	1243.0	1733720
2	1175.0	1739763
2	1245.0	1745738
2	1196.0	1751783
2	1232.0	1757779
2	1234.0	1763811
2	1155.0	1769845
2	1230.0	1775800
2	1176.0	1781830
2	1157.0	1787806
2	1236.0	1793763
2	1239.0	1799799
2	1164.0	1805838
2	1217.0	1811802
2	1238.0	1817819
2	1211.0	1823857
2	1157.0	1829868
2	1220.0	1835825
2	1226.0	1841845
2	1244.0	1847871
2	1227.0	1853915
2	1151.0	1859942
2	1172.0	1865893
2	1157.0	1871865
2	1180.0	1877822
2	1224.0	1883802
2	1156.0	1889826
2	1202.0	1895782
2	1165.0	1901784
2	1176.0	1907749
2	1237.0	1913725
2	1223.0	1919762
2	1193.0	1925785
2	1245.0	1931778
2	1210.0	1937823
2	1196.0	1943833
2	1187.0	1949829
2	1206.0	1955816
2	1153.0	1961822
2	1240.0	1967775
2	1220.0	1973815
2	1230.0	1979835
2	1212.0	1985865
2	1170.0	1991877
2	1187.0	1997847
2	1226.0	2003834
2	1154.0	2009860
2	1215.0	2015814
2	1249.0	2021829
2	1210.0	2027878
2	1249.0	2033888
2	1198.0	2039937
2	1185.0	2045935
2	1193.0	2051920
2	1155.0	2057913
2	1228.0	2063868
2	1225.0	2069896
2	1212.0	2075921
2	1159.0	2081933
2	1248.0	2087892
2	1247.0	2093940
2	1180.0	2099987
2	1202.0	2105967
2	1201.0	2111969
2	1243.0	2117970
2	1162.0	2124013
2	1152.0	2129975
2	1243.0	2135927
2	1200.0	2141970
2	1197.0	2147970
2	1207.0	2153967
2	1178.0	2159974
2	1227.0	2165952
2	1177.0	2171979
2	1220.0	2177956
2	1165.0	2183976
2	1203.0	2189941
2	1241.0	2195944
2	1241.0	2201985
2	1245.0	2208026
2	1234.0	2214071
2	1189.0	2220105
2	1192.0	2226094
2	1244.0	2232086
2	1200.0	2238130
2	1192.0	2244130
2	1233.0	2250122
2	1200.0	2256155
2	1226.0	2262155
2	1231.0	2268181
2	1189.0	2274212
2	1170.0	2280201
2	1203.0	2286171
2	1249.0	2292174
2	1191.0	2298223
2	1225.0	2304214
2	1191.0	2310239
2	1200.0	2316230
2	1241.0	2322230
2	1244.0	2328271
2	1230.0	2334315
2	1180.0	2340345
2	1241.0	2346325
2	1221.0	2352366
2	1214.0	2358387
2	1161.0	2364401
2	1248.0	2370362
2	1227.0	2376410
2	1171.0	2382437
2	1209.0	2388408
2	1166.0	2394417
2	1240.0	2400383
2	1234.0	2406423
2	1162.0	2412457
2	1167.0	2418419
2	1228.0	2424386
2	1249.0	2430414
2	1184.0	2436463
2	1159.0	2442447
2	1186.0	2448406
2	1215.0	2454392
2	1189.0	2460407
2	1205.0	2466396
2	1215.0	2472401
2	1151.0	2478416
2	1188.0	2484367
2	1164.0	2490355
2	1190.0	2496319
2	1234.0	2502309
2	1249.0	2508343
2	1238.0	2514392
2	1186.0	2520430
2	1160.0	2526416
2	1197.0	2532376
2	1235.0	2538373
2	1181.0	2544408
2	1178.0	2550389
2	1189.0	2556367
2	1153.0	2562356
2	1196.0	2568309
2	1194.0	2574305
2	1195.0	2580299
2	1156.0	2586294
2	1196.0	2592250
2	1170.0	2598246
2	1170.0	2604216
2	1216.0	2610186
2	1154.0	2616202
2	1192.0	2622156
2	1175.0	2628148
2	1184.0	2634123
2	1212.0	2640107
2	1187.0	2646119
2	1172.0	2652106
2	1225.0	2658078
2	1212.0	2664103
2	1202.0	2670115
2	1232.0	2676117
2	1231.0	2682149
2	1200.0	2688180
2	1242.0	2694180
2	1187.0	2700222
2	1248.0	2706209
2	1226.0	2712257
2	1187.0	2718283
2	1194.0	2724270
2	1193.0	2730264
2	1197.0	2736257
2	1233.0	2742254
2	1219.0	2748287
2	1207.0	2754306
2	1158.0	2760313
2	1209.0	2766271
2	1239.0	2772280
2	1152.0	2778319
2	1200.0	2784271
2	1176.0	2790271
2	1222.0	2796247
2	1236.0	2802269
2	1240.0	2808305
2	1222.0	2814345
2	1240.0	2820367
2	1179.0	2826407
2	1196.0	2832386
2	1196.0	2838382
2	1213.0	2844378
2	1223.0	2850391
2	1151.0	2856414
2	1221.0	2862365
2	1185.0	2868386
2	1155.0	2874371
2	1167.0	2880326
2	1234.0	2886293
2	1169.0	2892327
2	1220.0	2898296
2	1219.0	2904316
2	1151.0	2910335
2	1181.0	2916286
2	1211.0	2922267
2	1178.0	2928278
2	1182.0	2934256
2	1188.0	2940238
2	1176.0	2946226
2	1203.0	2952202
2	1195.0	2958205
2	1167.0	2964200
2	1166.0	2970167
2	1197.0	2976133
2	1155.0	2982130
2	1159.0	2988085
2	1230.0	2994044
2	1205.0	3000074
2	1165.0	3006079
2	1248.0	3012044
2	1176.0	3018092
2	1226.0	3024068
2	1185.0	3030094
2	1187.0	3036079
2	1174.0	3042066
2	1191.0	3048040
2	1179.0	3054031
2	1164.0	3060010
2	1167.0	3065974
2	1241.0	3071941
2	1186.0	3077982
2	1160.0	3083968
2	1157.0	3089928
2	1246.0	3095885
2	1185.0	3101931
2	1221.0	3107916
2	1200.0	3113937
2	1158.0	3119937
2	1197.0	3125895
2	1155.0	3131892
2	1206.0	3137847
2	1200.0	3143853
2	1189.0	3149853
2	1190.0	3155842
2	1167.0	3161832
2	1179.0	3167799
2	1239.0	3173778
2	1225.0	3179817
2	1188.0	3185842
2	1166.0	3191830
2	1178.0	3197796
2	1212.0	3203774
2	1239.0	3209786
2	1200.0	3215825
2	1236.0	3221825
2	1214.0	3227861
2	1207.0	3233875
2	1200.0	3239882
2	1248.0	3245882
2	1191.0	3251930
2	1227.0	3257921
2	1161.0	3263948
2	1162.0	3269909
2	1170.0	3275871
2	1162.0	3281841
2	1190.0	3287803
2	1186.0	3293793
2	1246.0	3299779
2	1205.0	3305825
2	1177.0	3311830
2	1238.0	3317807
2	1190.0	3323845
2	1160.0	3329835
2	1184.0	3335795
2	1156.0	3341779
2	1162.0	3347735
2	1198.0	3353697
2	1196.0	3359695
2	1196.0	3365691
2	1194.0	3371687
2	1190.0	3377681
2	1166.0	3383671
2	1196.0	3389637
2	1163.0	3395633
2	1162.0	3401596
2	1154.0	3407558
2	1151.0	3413512
2	1211.0	3419463
2	1198.0	3425474
2	1218.0	3431472
2	1226.0	3437490
2	1193.0	3443516
2	1198.0	3449509
2	1221.0	3455507
2	1181.0	3461528
2	1236.0	3467509
2	1200.0	3473545
2	1222.0	3479545
2	1215.0	3485567
2	1188.0	3491582
2	1168.0	3497570
2	1188.0	3503538
2	1197.0	3509526
2	1172.0	3515523
2	1249.0	3521495
2	1190.0	3527544
2	1161.0	3533534
2	1240.0	3539495
2	1211.0	3545535
2	1197.0	3551546
2	1237.0	3557543
2	1188.0	3563580
2	1236.0	3569568
2	1235.0	3575604
2	1189.0	3581639
2	1246.0	3587628
2	1179.0	3593674
2	1240.0	3599653
2	1246.0	3605693
2	1154.0	3611739
2	1171.0	3617693
2	1238.0	3623664
2	1175.0	3629702
2	1233.0	3635677
2	1235.0	3641710
2	1191.0	3647745
2	1192.0	3653736
2	1212.0	3659728
2	1193.0	3665740
2	1225.0	3671733
2	1222.0	3677758
2	1240.0	3683780
2	1204.0	3689820
2	1194.0	3695824
2	1152.0	3701818
2	1216.0	3707770
2	1220.0	3713786
2	1196.0	3719806
2	1176.0	3725802
2	1188.0	3731778
2	1232.0	3737766
2	1193.0	3743798
2	1178.0	3749791
2	1245.0	3755769
2	1200.0	3761814
2	1168.0	3767814
2	1247.0	3773782
2	1157.0	3779829
2	1216.0	3785786
2	1225.0	3791802
2	1189.0	3797827
2	1162.0	3803816
2	1236.0	3809778
2	1216.0	3815814
2	1185.0	3821830
2	1173.0	3827815
2	1231.0	3833788
2	1220.0	3839819
2	1186.0	3845839
2	1193.0	3851825
2	1233.0	3857818
2	1229.0	3863851
2	1194.0	3869880
2	1154.0	3875874
2	1218.0	3881828
2	1199.0	3887846
2	1167.0	3893845
2	1232.0	3899812
2	1242.0	3905844
2	1198.0	3911886
2	1210.0	3917884
2	1179.0	3923894
2	1247.0	3929873
2	1244.0	3935920
2	1193.0	3941964
2	1203.0	3947957
2	1201.0	3953960
2	1222.0	3959961
2	1198.0	3965983
2	1175.0	3971981
2	1161.0	3977956
2	1200.0	3983917
2	1241.0	3989917
2	1221.0	3995958
2	1155.0	4001979
2	1210.0	4007934
2	1174.0	4013944
2	1239.0	4019918
2	1246.0	4025957
2	1208.0	4032003
2	1227.0	4038011
2	1158.0	4044038
2	1228.0	4049996
2	1183.0	4056024
2	1225.0	4062007
2	1238.0	4068032
2	1225.0	4074070
2	1197.0	4080095
2	1199.0	4086092
2	1195.0	4092091
2	1232.0	4098086
2	1206.0	4104118
2	1170.0	4110124
2	1152.0	4116094
2	1217.0	4122046
2	1179.0	4128063
2	1225.0	4134042
2	1206.0	4140067
2	1223.0	4146073
2	1158.0	4152096
2	1233.0	4158054
2	1153.0	4164087
2	1247.0	4170040
2	1235.0	4176087
2	1242.0	4182122
2	1222.0	4188164
2	1215.0	4194186
2	1240.0	4200201
2	1200.0	4206241
2	1247.0	4212241
2	1200.0	4218288
2	1172.0	4224288
2	1216.0	4230260
2	1246.0	4236276
2	1160.0	4242322
2	1238.0	4248282
2	1226.0	4254320
2	1209.0	4260346
2	1214.0	4266355
2	1174.0	4272369
2	1243.0	4278343
2	1246.0	4284386
2	1206.0	4290432
2	1172.0	4296438
2	1226.0	4302410
2	1176.0	4308436
2	1215.0	4314412
2	1224.0	4320427
2	1201.0	4326451
2	1238.0	4332452
2	1224.0	4338490
2	1182.0	4344514
2	1180.0	4350496
2	1206.0	4356476
2	1191.0	4362482
2	1243.0	4368473
2	1207.0	4374516
2	1224.0	4380523
2	1249.0	4386547
2	1174.0	4392596
2	1206.0	4398570
2	1220.0	4404576
2	1160.0	4410596
2	1242.0	4416556
2	1166.0	4422598
2	1156.0	4428564
2	1182.0	4434520
2	1181.0	4440502
2	1237.0	4446483
2	1243.0	4452520
2	1229.0	4458563
2	1243.0	4464592
2	1195.0	4470635
2	1233.0	4476630
2	1246.0	4482663
2	1229.0	4488709
2	1237.0	4494738
2	1242.0	4500775
2	1190.0	4506817
2	1180.0	4512807
2	1176.0	4518787
2	1185.0	4524763
2	1204.0	4530748
2	1233.0	4536752
2	1181.0	4542785
2	1245.0	4548766
2	1213.0	4554811
2	1178.0	4560824
2	1158.0	4566802
2	1245.0	4572760
2	1166.0	4578805
2	1233.0	4584771
2	1191.0	4590804
2	1249.0	4596795
2	1176.0	4602844
2	1203.0	4608820
2	1214.0	4614823
2	1155.0	4620837
2	1231.0	4626792
2	1157.0	4632823
2	1181.0	4638780
2	1168.0	4644761
2	1173.0	4650729
2	1205.0	4656702
2	1236.0	4662707
2	1153.0	4668743
2	1200.0	4674696
2	1176.0	4680696
2	1162.0	4686672
2	1188.0	4692634
2	1151.0	4698622
2	1196.0	4704573
2	1203.0	4710569
2	1215.0	4716572
2	1179.0	4722587
2	1189.0	4728566
2	1208.0	4734555
2	1219.0	4740563
2	1231.0	4746582
2	1153.0	4752613
2	1170.0	4758566
2	1179.0	4764536
2	1206.0	4770515
2	1237.0	4776521
2	1194.0	4782558
2	1172.0	4788552
2	1222.0	4794524
2	1231.0	4800546
2	1159.0	4806577
2	1239.0	4812536
2	1177.0	4818575
2	1249.0	4824552
2	1237.0	4830601
2	1174.0	4836638
2	1241.0	4842612
2	1224.0	4848653
2	1158.0	4854677
2	1229.0	4860635
2	1201.0	4866664
2	1165.0	4872665
2	1226.0	4878630
2	1229.0	4884656
2	1185.0	4890685
2	1196.0	4896670
2	1236.0	4902666
2	1192.0	4908702
2	1179.0	4914694
2	1186.0	4920673
2	1200.0	4926659
2	1195.0	4932659
2	1237.0	4938654
2	1187.0	4944691
2	1153.0	4950678
2	1232.0	4956631
2	1236.0	4962663
2	1158.0	4968699
2	1219.0	4974657
2	1182.0	4980676
2	1184.0	4986658
2	1179.0	4992642
2	1211.0	4998621
2	1200.0	5004632
2	1176.0	5010632
3	1169.0	4800
3	1242.0	10769
3	1151.0	16811
3	1180.0	22762
3	1241.0	28742
3	1191.0	34783
3	1220.0	40774
3	1224.0	46794
3	1232.0	52818
3	1199.0	58850
3	1241.0	64849
3	1194.0	70890
3	1210.0	76884
3	1244.0	82894
3	1205.0	88938
3	1188.0	94943
3	1183.0	100931
3	1221.0	106914
3	1151.0	112935
3	1222.0	118886
3	1175.0	124908
3	1153.0	130883
3	1197.0	136836
3	1153.0	142833
3	1204.0	148786
3	1178.0	154790
3	1156.0	160768
3	1244.0	166724
3	1171.0	172768
3	1184.0	178739
3	1217.0	184723
3	1171.0	190740
3	1166.0	196711
3	1211.0	202677
3	1153.0	208688
3	1164.0	214641
3	1202.0	220605
3	1176.0	226607
3	1245.0	232583
3	1245.0	238628
3	1242.0	244673
3	1198.0	250715
3	1246.0	256713
3	1156.0	262759
3	1241.0	268715
3	1158.0	274756
3	1234.0	280714
3	1189.0	286748
3	1237.0	292737
3	1151.0	298774
3	1209.0	304725
3	1223.0	310734
3	1181.0	316757
3	1179.0	322738
3	1230.0	328717
3	1214.0	334747
3	1239.0	340761
3	1151.0	346800
3	1213.0	352751
3	1222.0	358764
3	1234.0	364786
3	1197.0	370820
3	1185.0	376817
3	1204.0	382802
3	1179.0	388806
3	1189.0	394785
3	1183.0	400774
3	1206.0	406757
3	1219.0	412763
3	1152.0	418782
3	1234.0	424734
3	1249.0	430768
3	1162.0	436817
3	1217.0	442779
3	1230.0	448796
3	1212.0	454826
3	1155.0	460838
3	1243.0	466793
3	1224.0	472836
3	1243.0	478860
3	1207.0	484903
3	1189.0	490910
3	1185.0	496899
3	1189.0	502884
3	1160.0	508873
3	1154.0	514833
3	1182.0	520787
3	1209.0	526769
3	1209.0	532778
3	1188.0	538787
3	1197.0	544775
3	1214.0	550772
3	1249.0	556786
3	1207.0	562835
3	1156.0	568842
3	1164.0	574798
3	1196.0	580762
3	1218.0	586758
3	1203.0	592776
3	1191.0	598779
3	1153.0	604770
3	1171.0	610723
3	1209.0	616694
3	1247.0	622703
3	1158.0	628750
3	1191.0	634708
3	1190.0	640699
3	1187.0	646689
3	1189.0	652676
3	1195.0	658665
3	1204.0	664660
3	1201.0	670664
3	1185.0	676665
3	1200.0	682650
3	1249.0	688650
3	1174.0	694699
3	1201.0	700673
3	1191.0	706674
3	1221.0	712665
3	1235.0	718686
3	1208.0	724721
3	1220.0	730729
3	1172.0	736749
3	1175.0	742721
3	1224.0	748696
3	1179.0	754720
3	1215.0	760699
3	1236.0	766714
3	1248.0	772750
3	1249.0	778798
3	1179.0	784847
3	1224.0	790826
3	1212.0	796850
3	1235.0	802862
3	1186.0	808897
3	1224.0	814883
3	1222.0	820907
3	1162.0	826929
3	1197.0	832891
3	1215.0	838888
3	1195.0	844903
3	1159.0	850898
3	1214.0	856857
3	1219.0	862871
3	1247.0	868890
3	1172.0	874937
3	1246.0	880909
3	1161.0	886955
3	1200.0	892916
3	1200.0	898916
3	1216.0	904916
3	1208.0	910932
3	1164.0	916940
3	1207.0	922904
3	1168.0	928911
3	1213.0	934879
3	1196.0	940892
3	1151.0	946888
3	1178.0	952839
3	1216.0	958817
3	1232.0	964833
3	1153.0	970865
3	1233.0	976818
3	1224.0	982851
3	1202.0	988875
3	1166.0	994877
3	1200.0	1000843
3	1214.0	1006843
3	1218.0	1012857
3	1194.0	1018875
3	1199.0	1024869
3	1213.0	1030868
3	1201.0	1036881
3	1174.0	1042882
3	1171.0	1048856
3	1224.0	1054827
3	1240.0	1060851
3	1199.0	1066891
3	1204.0	1072890
3	1201.0	1078894
3	1154.0	1084895
3	1210.0	1090849
3	1211.0	1096859
3	1201.0	1102870
3	1240.0	1108871
3	1202.0	1114911
3	1226.0	1120913
3	1225.0	1126939
3	1158.0	1132964
3	1158.0	1138922
3	1202.0	1144880
3	1206.0	1150882
3	1241.0	1156888
3	1175.0	1162929
3	1238.0	1168904
3	1221.0	1174942
3	1167.0	1180963
3	1189.0	1186930
3	1164.0	1192919
3	1194.0	1198883
3	1155.0	1204877
3	1201.0	1210832
3	1229.0	1216833
3	1165.0	1222862
3	1207.0	1228827
3	1249.0	1234834
3	1242.0	1240883
3	1186.0	1246925
3	1176.0	1252911
3	1196.0	1258887
3	1192.0	1264883
3	1190.0	1270875
3	1175.0	1276865
3	1222.0	1282840
3	1154.0	1288862
3	1203.0	1294816
3	1189.0	1300819
3	1243.0	1306808
3	1188.0	1312851
3	1236.0	1318839
3	1210.0	1324875
3	1155.0	1330885
3	1249.0	1336840
3	1168.0	1342889
3	1240.0	1348857
3	1210.0	1354897
3	1228.0	1360907
3	1194.0	1366935
3	1177.0	1372929
3	1151.0	1378906
3	1240.0	1384857
3	1205.0	1390897
3	1181.0	1396902
3	1202.0	1402883
3	1157.0	1408885
3	1231.0	1414842
3	1186.0	1420873
3	1157.0	1426859
3	1169.0	1432816
3	1220.0	1438785
3	1169.0	1444805
3	1237.0	1450774
3	1192.0	1456811
3	1249.0	1462803
3	1245.0	1468852
3	1190.0	1474897
3	1222.0	1480887
3	1200.0	1486909
3	1194.0	1492909
3	1173.0	1498903
3	1189.0	1504876
3	1180.0	1510865
3	1239.0	1516845
3	1183.0	1522884
3	1243.0	1528867
3	1183.0	1534910
3	1157.0	1540893
3	1201.0	1546850
3	1234.0	1552851
3	1219.0	1558885
3	1240.0	1564904
3	1159.0	1570944
3	1246.0	1576903
3	1210.0	1582949
3	1214.0	1588959
3	1200.0	1594973
3	1151.0	1600973
3	1196.0	1606924
3	1230.0	1612920
3	1249.0	1618950
3	1187.0	1624999
3	1224.0	1630986
3	1188.0	1637010
3	1213.0	1642998
3	1198.0	1649011
3	1163.0	1655009
3	1183.0	1660972
3	1214.0	1666955
3	1206.0	1672969
3	1189.0	1678975
3	1167.0	1684964
3	1182.0	1690931
3	1202.0	1696913
3	1199.0	1702915
3	1214.0	1708914
3	1246.0	1714928
3	1174.0	1720974
3	1245.0	1726948
3	1195.0	1732993
3	1159.0	1738988
3	1245.0	1744947
3	1165.0	1750992
3	1232.0	1756957
3	1245.0	1762989
3	1185.0	1769034
3	1151.0	1775019
3	1190.0	1780970
3	1190.0	1786960
3	1175.0	1792950
3	1218.0	1798925
3	1219.0	1804943
3	1209.0	1810962
3	1193.0	1816971
3	1222.0	1822964
3	1232.0	1828986
3	1220.0	1835018
3	1243.0	1841038
3	1203.0	1847081
3	1232.0	1853084
3	1181.0	1859116
3	1184.0	1865097
3	1211.0	1871081
3	1154.0	1877092
3	1174.0	1883046
3	1193.0	1889020
3	1171.0	1895013
3	1214.0	1900984
3	1225.0	1906998
3	1214.0	1913023
3	1184.0	1919037
3	1179.0	1925021
3	1214.0	1931000
3	1201.0	1937014
3	1186.0	1943015
3	1152.0	1949001
3	1158.0	1954953
3	1192.0	1960911
3	1158.0	1966903
3	1224.0	1972861
3	1183.0	1978885
3	1208.0	1984868
3	1230.0	1990876
3	1200.0	1996906
3	1222.0	2002906
3	1226.0	2008928
3	1249.0	2014954
3	1244.0	2021003
3	1169.0	2027047
3	1152.0	2033016
3	1217.0	2038968
3	1192.0	2044985
3	1201.0	2050977
3	1242.0	2056978
3	1215.0	2063020
3	1172.0	2069035
3	1162.0	2075007
3	1187.0	2080969
3	1160.0	2086956
3	1185.0	2092916
3	1205.0	2098901
3	1176.0	2104906
3	1190.0	2110882
3	1220.0	2116872
3	1196.0	2122892
3	1200.0	2128888
3	1162.0	2134888
3	1202.0	2140850
3	1169.0	2146852
3	1215.0	2152821
3	1164.0	2158836
3	1225.0	2164800
3	1171.0	2170825
3	1186.0	2176796
3	1244.0	2182782
3	1203.0	2188826
3	1167.0	2194829
3	1183.0	2200796
3	1151.0	2206779
3	1229.0	2212730
3	1223.0	2218759
3	1203.0	2224782
3	1209.0	2230785
3	1154.0	2236794
3	1199.0	2242748
3	1219.0	2248747
3	1234.0	2254766
3	1171.0	2260800
3	1183.0	2266771
3	1194.0	2272754
3	1186.0	2278748
3	1205.0	2284734
3	1238.0	2290739
3	1167.0	2296777
3	1196.0	2302744
3	1210.0	2308740
3	1219.0	2314750
3	1231.0	2320769
3	1151.0	2326800
3	1208.0	2332751
3	1224.0	2338759
3	1223.0	2344783
3	1159.0	2350806
3	1204.0	2356765
3	1198.0	2362769
3	1168.0	2368767
3	1194.0	2374735
3	1188.0	2380729
3	1236.0	2386717
3	1238.0	2392753
3	1215.0	2398791
3	1215.0	2404806
3	1164.0	2410821
3	1244.0	2416785
3	1162.0	2422829
3	1175.0	2428791
3	1204.0	2434766
3	1169.0	2440770
3	1204.0	2446739
3	1216.0	2452743
3	1239.0	2458759
3	1224.0	2464798
3	1234.0	2470822
3	1199.0	2476856
3	1227.0	2482855
3	1200.0	2488882
3	1159.0	2494882
3	1235.0	2500841
3	1221.0	2506876
3	1153.0	2512897
3	1176.0	2518850
3	1237.0	2524826
3	1201.0	2530863
3	1226.0	2536864
3	1157.0	2542890
3	1235.0	2548847
3	1170.0	2554882
3	1232.0	2560852
3	1192.0	2566884
3	1194.0	2572876
3	1193.0	2578870
3	1218.0	2584863
3	1226.0	2590881
3	1233.0	2596907
3	1167.0	2602940
3	1207.0	2608907
3	1186.0	2614914
3	1174.0	2620900
3	1189.0	2626874
3	1244.0	2632863
3	1194.0	2638907
3	1203.0	2644901
3	1174.0	2650904
3	1156.0	2656878
3	1174.0	2662834
3	1153.0	2668808
3	1228.0	2674761
3	1208.0	2680789
3	1183.0	2686797
3	1218.0	2692780
3	1201.0	2698798
3	1161.0	2704799
3	1225.0	2710760
3	1162.0	2716785
3	1200.0	2722747
3	1230.0	2728747
3	1197.0	2734777
3	1217.0	2740774
3	1183.0	2746791
3	1199.0	2752774
3	1226.0	2758773
3	1244.0	2764799
3	1225.0	2770843
3	1180.0	2776868
3	1239.0	2782848
3	1217.0	2788887
3	1223.0	2794904
3	1160.0	2800927
3	1183.0	2806887
3	1151.0	2812870
3	1208.0	2818821
3	1225.0	2824829
3	1165.0	2830854
3	1191.0	2836819
3	1153.0	2842810
3	1205.0	2848763
3	1210.0	2854768
3	1172.0	2860778
3	1192.0	2866750
3	1197.0	2872742
3	1153.0	2878739
3	1189.0	2884692
3	1200.0	2890681
3	1212.0	2896681
3	1190.0	2902693
3	1241.0	2908683
3	1155.0	2914724
3	1218.0	2920679
3	1161.0	2926697
3	1183.0	2932658
3	1181.0	2938641
3	1162.0	2944622
3	1169.0	2950584
3	1247.0	2956553
3	1156.0	2962600
3	1211.0	2968556
3	1189.0	2974567
3	1237.0	2980556
3	1174.0	2986593
3	1182.0	2992567
3	1244.0	2998549
3	1227.0	3004593
3	1189.0	3010620
3	1249.0	3016609
3	1159.0	3022658
3	1159.0	3028617
3	1190.0	3034576
3	1242.0	3040566
3	1164.0	3046608
3	1156.0	3052572
3	1213.0	3058528
3	1203.0	3064541
3	1207.0	3070544
3	1171.0	3076551
3	1194.0	3082522
3	1160.0	3088516
3	1214.0	3094476
3	1233.0	3100490
3	1180.0	3106523
3	1151.0	3112503
3	1226.0	3118454
3	1209.0	3124480
3	1233.0	3130489
3	1170.0	3136522
3	1208.0	3142492
3	1242.0	3148500
3	1155.0	3154542
3	1183.0	3160497
3	1213.0	3166480
3	1153.0	3172493
3	1166.0	3178446
3	1164.0	3184412
3	1168.0	3190376
3	1225.0	3196344
3	1223.0	3202369
3	1180.0	3208392
3	1206.0	3214372
3	1200.0	3220378
3	1186.0	3226378
3	1214.0	3232364
3	1164.0	3238378
3	1199.0	3244342
3	1225.0	3250341
3	1211.0	3256366
3	1225.0	3262377
3	1202.0	3268402
3	1223.0	3274404
3	1213.0	3280427
3	1185.0	3286440
3	1219.0	3292425
3	1229.0	3298444
3	1191.0	3304473
3	1236.0	3310464
3	1182.0	3316500
3	1241.0	3322482
3	1210.0	3328523
3	1224.0	3334533
3	1161.0	3340557
3	1188.0	3346518
3	1191.0	3352506
3	1211.0	3358497
3	1191.0	3364508
3	1242.0	3370499
3	1232.0	3376541
3	1202.0	3382573
3	1154.0	3388575
3	1201.0	3394529
3	1196.0	3400530
3	1162.0	3406526
3	1228.0	3412488
3	1200.0	3418516
3	1207.0	3424516
3	1181.0	3430523
3	1214.0	3436504
3	1197.0	3442518
3	1157.0	3448515
3	1244.0	3454472
3	1178.0	3460516
3	1242.0	3466494
3	1228.0	3472536
3	1231.0	3478564
3	1168.0	3484595
3	1191.0	3490563
3	1163.0	3496554
3	1195.0	3502517
3	1249.0	3508512
3	1168.0	3514561
3	1235.0	3520529
3	1166.0	3526564
3	1214.0	3532530
3	1187.0	3538544
3	1247.0	3544531
3	1220.0	3550578
3	1153.0	3556598
3	1158.0	3562551
3	1199.0	3568509
3	1217.0	3574508
3	1233.0	3580525
3	1157.0	3586558
3	1207.0	3592515
3	1161.0	3598522
3	1211.0	3604483
3	1237.0	3610494
3	1221.0	3616531
3	1172.0	3622552
3	1194.0	3628524
3	1172.0	3634518
3	1182.0	3640490
3	1200.0	3646472
3	1212.0	3652472
3	1187.0	3658484
3	1215.0	3664471
3	1163.0	3670486
3	1211.0	3676449
3	1193.0	3682460
3	1224.0	3688453
3	1192.0	3694477
3	1239.0	3700469
3	1191.0	3706508
3	1200.0	3712499
3	1167.0	3718499
3	1210.0	3724466
3	1247.0	3730476
3	1195.0	3736523
3	1217.0	3742518
3	1241.0	3748535
3	1206.0	3754576
3	1233.0	3760582
3	1198.0	3766615
3	1241.0	3772613
3	1152.0	3778654
3	1200.0	3784606
3	1208.0	3790606
3	1236.0	3796614
3	1172.0	3802650
3	1184.0	3808622
3	1161.0	3814606
3	1172.0	3820567
3	1225.0	3826539
3	1205.0	3832564
3	1197.0	3838569
3	1235.0	3844566
3	1177.0	3850601
3	1181.0	3856578
3	1219.0	3862559
3	1163.0	3868578
3	1151.0	3874541
3	1177.0	3880492
3	1249.0	3886469
3	1171.0	3892518
3	1188.0	3898489
3	1231.0	3904477
3	1188.0	3910508
3	1192.0	3916496
3	1249.0	3922488
3	1229.0	3928537
3	1151.0	3934566
3	1218.0	3940517
3	1192.0	3946535
3	1170.0	3952527
3	1163.0	3958497
3	1179.0	3964460
3	1172.0	3970439
3	1195.0	3976411
3	1189.0	3982406
3	1190.0	3988395
3	1185.0	3994385
3	1173.0	4000370
3	1233.0	4006343
3	1234.0	4012376
3	1151.0	4018410
3	1219.0	4024361
3	1189.0	4030380
3	1208.0	4036369
3	1240.0	4042377
3	1188.0	4048417
3	1158.0	4054405
3	1237.0	4060363
3	1230.0	4066400
3	1184.0	4072430
3	1197.0	4078414
3	1201.0	4084411
3	1238.0	4090412
3	1225.0	4096450
3	1176.0	4102475
3	1195.0	4108451
3	1197.0	4114446
3	1168.0	4120443
3	1192.0	4126411
3	1180.0	4132403
3	1205.0	4138383
3	1220.0	4144388
3	1208.0	4150408
3	1168.0	4156416
3	1159.0	4162384
3	1236.0	4168343
3	1197.0	4174379
3	1174.0	4180376
3	1233.0	4186350
3	1178.0	4192383
3	1169.0	4198361
3	1247.0	4204330
3	1162.0	4210377
3	1212.0	4216339
3	1207.0	4222351
3	1165.0	4228358
3	1166.0	4234323
3	1241.0	4240289
3	1158.0	4246330
3	1218.0	4252288
3	1236.0	4258306
3	1228.0	4264342
3	1163.0	4270370
3	1208.0	4276333
3	1153.0	4282341
3	1161.0	4288294
3	1249.0	4294255
3	1246.0	4300304
3	1198.0	4306350
3	1227.0	4312348
3	1215.0	4318375
3	1162.0	4324390
3	1245.0	4330352
3	1237.0	4336397
3	1180.0	4342434
3	1171.0	4348414
3	1157.0	4354385
3	1218.0	4360342
3	1202.0	4366360
3	1237.0	4372362
3	1247.0	4378399
3	1180.0	4384446
3	1183.0	4390426
3	1200.0	4396409
3	1230.0	4402409
3	1210.0	4408439
3	1200.0	4414449
3	1177.0	4420449
3	1168.0	4426426
3	1204.0	4432394
3	1153.0	4438398
3	1236.0	4444351
3	1226.0	4450387
3	1196.0	4456413
3	1200.0	4462409
3	1183.0	4468409
3	1230.0	4474392
3	1245.0	4480422
3	1218.0	4486467
3	1174.0	4492485
3	1153.0	4498459
3	1240.0	4504412
3	1201.0	4510452
3	1172.0	4516453
3	1246.0	4522425
3	1178.0	4528471
3	1163.0	4534449
3	1237.0	4540412
3	1197.0	4546449
3	1214.0	4552446
3	1232.0	4558460
3	1242.0	4564492
3	1241.0	4570534
3	1157.0	4576575
3	1209.0	4582532
3	1187.0	4588541
3	1244.0	4594528
3	1155.0	4600572
3	1186.0	4606527
3	1248.0	4612513
3	1192.0	4618561
3	1231.0	4624553
3	1186.0	4630584
3	1176.0	4636570
3	1249.0	4642546
3	1167.0	4648595
3	1238.0	4654562
3	1248.0	4660600
3	1237.0	4666648
3	1186.0	4672685
3	1218.0	4678671
3	1237.0	4684689
3	1182.0	4690726
3	1182.0	4696708
3	1166.0	4702690
3	1240.0	4708656
3	1246.0	4714696
3	1209.0	4720742
3	1204.0	4726751
3	1172.0	4732755
3	1192.0	4738727
3	1245.0	4744719
3	1182.0	4750764
3	1240.0	4756746
3	1159.0	4762786
3	1214.0	4768745
3	1200.0	4774759
3	1208.0	4780759
3	1189.0	4786767
3	1196.0	4792756
3	1161.0	4798752
3	1235.0	4804713
3	1239.0	4810748
3	1232.0	4816787
3	1196.0	4822819
3	1207.0	4828815
3	1215.0	4834822
3	1151.0	4840837
3	1247.0	4846788
3	1216.0	4852835
3	1213.0	4858851
3	1176.0	4864864
3	1172.0	4870840
3	1207.0	4876812
3	1164.0	4882819
3	1231.0	4888783
3	1210.0	4894814
3	1205.0	4900824
3	1171.0	4906829
3	1232.0	4912800
3	1159.0	4918832
3	1227.0	4924791
3	1167.0	4930818
3	1175.0	4936785
3	1244.0	4942760
3	1195.0	4948804
3	1242.0	4954799
3	1241.0	4960841
3	1247.0	4966882
3	1197.0	4972929
3	1156.0	4978926
3	1214.0	4984882
3	1207.0	4990896
3	1180.0	4996903
3	1212.0	5002883
3	1162.0	5008895
4	1216.0	4800
4	1249.0	10816
4	1179.0	16865
4	1239.0	22844
4	1238.0	28883
4	1157.0	34921
4	1202.0	40878
4	1219.0	46880
4	1177.0	52899
4	1241.0	58876
4	1212.0	64917
4	1158.0	70929
4	1205.0	76887
4	1208.0	82892
4	1242.0	88900
4	1230.0	94942
4	1152.0	100972
4	1232.0	106924
4	1211.0	112956
4	1216.0	118967
4	1182.0	124983
4	1204.0	130965
4	1225.0	136969
4	1194.0	142994
4	1236.0	148988
4	1164.0	155024
4	1179.0	160988
4	1170.0	166967
4	1234.0	172937
4	1182.0	178971
4	1191.0	184953
4	1224.0	190944
4	1215.0	196968
4	1248.0	202983
4	1158.0	209031
4	1185.0	214989
4	1189.0	220974
4	1193.0	226963
4	1203.0	232956
4	1175.0	238959
4	1225.0	244934
4	1203.0	250959
4	1170.0	256962
4	1228.0	262932
4	1192.0	268960
4	1231.0	274952
4	1221.0	280983
4	1243.0	287004
4	1180.0	293047
4	1225.0	299027
4	1156.0	305052
4	1183.0	311008
4	1199.0	316991
4	1175.0	322990
4	1245.0	328965
4	1197.0	335010
4	1220.0	341007
4	1186.0	347027
4	1189.0	353013
4	1170.0	359002
4	1245.0	364972
4	1193.0	371017
4	1227.0	377010
4	1221.0	383037
4	1248.0	389058
4	1183.0	395106
4	1170.0	401089
4	1197.0	407059
4	1186.0	413056
4	1228.0	419042
4	1158.0	425070
4	1217.0	431028
4	1233.0	437045
4	1201.0	443078
4	1226.0	449079
4	1240.0	455105
4	1208.0	461145
4	1247.0	467153
4	1163.0	473200
4	1172.0	479163
4	1225.0	485135
4	1235.0	491160
4	1174.0	497195
4	1241.0	503169
4	1158.0	509210
4	1196.0	515168
4	1196.0	521164
4	1176.0	527160
4	1221.0	533136
4	1193.0	539157
4	1200.0	545150
4	1168.0	551150
4	1228.0	557118
4	1227.0	563146
4	1178.0	569173
4	1206.0	575151
4	1238.0	581157
4	1200.0	587195
4	1200.0	593195
4	1176.0	599195
4	1201.0	605171
4	1196.0	611172
4	1246.0	617168
4	1239.0	623214
4	1208.0	629253
4	1151.0	635261
4	1170.0	641212
4	1185.0	647182
4	1247.0	653167
4	1201.0	659214
4	1205.0	665215
4	1193.0	671220
4	1206.0	677213
4	1169.0	683219
4	1206.0	689188
4	1213.0	695194
4	1214.0	701207
4	1158.0	707221
4	1182.0	713179
4	1216.0	719161
4	1156.0	725177
4	1207.0	731133
4	1211.0	737140
4	1185.0	743151
4	1175.0	749136
4	1211.0	755111
4	1242.0	761122
4	1173.0	767164
4	1187.0	773137
4	1175.0	779124
4	1189.0	785099
4	1168.0	791088
4	1189.0	797056
4	1225.0	803045
4	1228.0	809070
4	1165.0	815098
4	1239.0	821063
4	1163.0	827102
4	1152.0	833065
4	1224.0	839017
4	1232.0	845041
4	1212.0	851073
4	1184.0	857085
4	1220.0	863069
4	1240.0	869089
4	1234.0	875129
4	1220.0	881163
4	1186.0	887183
4	1177.0	893169
4	1184.0	899146
4	1223.0	905130
4	1244.0	911153
4	1185.0	917197
4	1186.0	923182
4	1154.0	929168
4	1155.0	935122
4	1216.0	941077
4	1244.0	947093
4	1248.0	953137
4	1170.0	959185
4	1200.0	965155
4	1186.0	971155
4	1244.0	977141
4	1233.0	983185
4	1204.0	989218
4	1249.0	995222
4	1189.0	1001271
4	1193.0	1007260
4	1202.0	1013253
4	1160.0	1019255
4	1188.0	1025215
4	1207.0	1031203
4	1222.0	1037210
4	1208.0	1043232
4	1163.0	1049240
4	1174.0	1055203
4	1240.0	1061177
4	1188.0	1067217
4	1180.0	1073205
4	1249.0	1079185
4	1185.0	1085234
4	1192.0	1091219
4	1171.0	1097211
4	1226.0	1103182
4	1187.0	1109208
4	1200.0	1115195
4	1232.0	1121195
4	1200.0	1127227
4	1195.0	1133227
4	1190.0	1139222
4	1239.0	1145212
4	1236.0	1151251
4	1153.0	1157287
4	1228.0	1163240
4	1188.0	1169268
4	1160.0	1175256
4	1157.0	1181216
4	1217.0	1187173
4	1221.0	1193190
4	1169.0	1199211
4	1206.0	1205180
4	1214.0	1211186
4	1173.0	1217200
4	1202.0	1223173
4	1237.0	1229175
4	1173.0	1235212
4	1200.0	1241185
4	1177.0	1247185
4	1233.0	1253162
4	1197.0	1259195
4	1249.0	1265192
4	1168.0	1271241
4	1230.0	1277209
4	1181.0	1283239
4	1239.0	1289220
4	1207.0	1295259
4	1165.0	1301266
4	1238.0	1307231
4	1221.0	1313269
4	1221.0	1319290
4	1249.0	1325311
4	1199.0	1331360
4	1206.0	1337359
4	1164.0	1343365
4	1164.0	1349329
4	1247.0	1355293
4	1210.0	1361340
4	1186.0	1367350
4	1175.0	1373336
4	1155.0	1379311
4	1237.0	1385266
4	1175.0	1391303
4	1153.0	1397278
4	1210.0	1403231
4	1234.0	1409241
4	1151.0	1415275
4	1217.0	1421226
4	1229.0	1427243
4	1231.0	1433272
4	1185.0	1439303
4	1207.0	1445288
4	1242.0	1451295
4	1224.0	1457337
4	1164.0	1463361
4	1185.0	1469325
4	1237.0	1475310
4	1189.0	1481347
4	1163.0	1487336
4	1166.0	1493299
4	1228.0	1499265
4	1166.0	1505293
4	1226.0	1511259
4	1238.0	1517285
4	1245.0	1523323
4	1234.0	1529368
4	1185.0	1535402
4	1205.0	1541387
4	1190.0	1547392
4	1171.0	1553382
4	1248.0	1559353
4	1209.0	1565401
4	1222.0	1571410
4	1191.0	1577432
4	1151.0	1583423
4	1220.0	1589374
4	1233.0	1595394
4	1198.0	1601427
4	1159.0	1607425
4	1198.0	1613384
4	1246.0	1619382
4	1184.0	1625428
4	1235.0	1631412
4	1180.0	1637447
4	1238.0	1643427
4	1177.0	1649465
4	1239.0	1655442
4	1158.0	1661481
4	1181.0	1667439
4	1206.0	1673420
4	1181.0	1679426
4	1232.0	1685407
4	1192.0	1691439
4	1218.0	1697431
4	1170.0	1703449
4	1175.0	1709419
4	1198.0	1715394
4	1176.0	1721392
4	1183.0	1727368
4	1236.0	1733351
4	1193.0	1739387
4	1203.0	1745380
4	1174.0	1751383
4	1156.0	1757357
4	1229.0	1763313
4	1233.0	1769342
4	1234.0	1775375
4	1188.0	1781409
4	1186.0	1787397
4	1182.0	1793383
4	1201.0	1799365
4	1210.0	1805366
4	1165.0	1811376
4	1209.0	1817341
4	1219.0	1823350
4	1187.0	1829369
4	1172.0	1835356
4	1238.0	1841328
4	1213.0	1847366
4	1190.0	1853379
4	1211.0	1859369
4	1232.0	1865380
4	1168.0	1871412
4	1182.0	1877380
4	1218.0	1883362
4	1198.0	1889380
4	1230.0	1895378
4	1195.0	1901408
4	1206.0	1907403
4	1151.0	1913409
4	1232.0	1919360
4	1155.0	1925392
4	1188.0	1931347
4	1161.0	1937335
4	1165.0	1943296
4	1199.0	1949261
4	1246.0	1955260
4	1200.0	1961306
4	1235.0	1967306
4	1158.0	1973341
4	1221.0	1979299
4	1222.0	1985320
4	1159.0	1991342
4	1219.0	1997301
4	1152.0	2003320
4	1152.0	2009272
4	1184.0	2015224
4	1209.0	2021208
4	1175.0	2027217
4	1200.0	2033192
4	1187.0	2039192
4	1154.0	2045179
4	1205.0	2051133
4	1197.0	2057138
4	1181.0	2063135
4	1200.0	2069116
4	1171.0	2075116
4	1169.0	2081087
4	1204.0	2087056
4	1151.0	2093060
4	1226.0	2099011
4	1168.0	2105037
4	1160.0	2111005
4	1184.0	2116965
4	1232.0	2122949
4	1179.0	2128981
4	1241.0	2134960
4	1185.0	2141001
4	1156.0	2146986
4	1210.0	2152942
4	1220.0	2158952
4	1234.0	2164972
4	1214.0	2171006
4	1217.0	2177020
4	1174.0	2183037
4	1168.0	2189011
4	1181.0	2194979
4	1225.0	2200960
4	1156.0	2206985
4	1214.0	2212941
4	1221.0	2218955
4	1239.0	2224976
4	1233.0	2231015
4	1195.0	2237048
4	1221.0	2243043
4	1188.0	2249064
4	1182.0	2255052
4	1177.0	2261034
4	1205.0	2267011
4	1154.0	2273016
4	1228.0	2278970
4	1221.0	2284998
4	1153.0	2291019
4	1180.0	2296972
4	1228.0	2302952
4	1176.0	2308980
4	1174.0	2314956
4	1163.0	2320930
4	1187.0	2326893
4	1220.0	2332880
4	1225.0	2338900
4	1197.0	2344925
4	1240.0	2350922
4	1200.0	2356962
4	1245.0	2362962
4	1197.0	2369007
4	1238.0	2375004
4	1159.0	2381042
4	1235.0	2387001
4	1233.0	2393036
4	1189.0	2399069
4	1224.0	2405058
4	1249.0	2411082
4	1171.0	2417131
4	1214.0	2423102
4	1188.0	2429116
4	1238.0	2435104
4	1248.0	2441142
4	1217.0	2447190
4	1243.0	2453207
4	1229.0	2459250
4	1164.0	2465279
4	1226.0	2471243
4	1161.0	2477269
4	1191.0	2483230
4	1247.0	2489221
4	1156.0	2495268
4	1245.0	2501224
4	1221.0	2507269
4	1207.0	2513290
4	1226.0	2519297
4	1198.0	2525323
4	1209.0	2531321
4	1163.0	2537330
4	1169.0	2543293
4	1233.0	2549262
4	1214.0	2555295
4	1218.0	2561309
4	1200.0	2567327
4	1160.0	2573327
4	1244.0	2579287
4	1200.0	2585331
4	1245.0	2591331
4	1209.0	2597376
4	1198.0	2603385
4	1224.0	2609383
4	1222.0	2615407
4	1223.0	2621429
4	1212.0	2627452
4	1190.0	2633464
4	1230.0	2639454
4	1160.0	2645484
4	1173.0	2651444
4	1160.0	2657417
4	1178.0	2663377
4	1159.0	2669355
4	1249.0	2675314
4	1249.0	2681363
4	1243.0	2687412
4	1225.0	2693455
4	1165.0	2699480
4	1230.0	2705445
4	1232.0	2711475
4	1234.0	2717507
4	1166.0	2723541
4	1165.0	2729507
4	1170.0	2735472
4	1249.0	2741442
4	1181.0	2747491
4	1191.0	2753472
4	1197.0	2759463
4	1231.0	2765460
4	1225.0	2771491
4	1236.0	2777516
4	1189.0	2783552
4	1210.0	2789541
4	1185.0	2795551
4	1151.0	2801536
4	1239.0	2807487
4	1219.0	2813526
4	1169.0	2819545
4	1235.0	2825514
4	1183.0	2831549
4	1208.0	2837532
4	1190.0	2843540
4	1231.0	2849530
4	1219.0	2855561
4	1232.0	2861580
4	1156.0	2867612
4	1198.0	2873568
4	1248.0	2879566
4	1151.0	2885614
4	1199.0	2891565
4	1243.0	2897564
4	1248.0	2903607
4	1153.0	2909655
4	1210.0	2915608
4	1212.0	2921618
4	1196.0	2927630
4	1157.0	2933626
4	1227.0	2939583
4	1214.0	2945610
4	1217.0	2951624
4	1180.0	2957641
4	1173.0	2963621
4	1218.0	2969594
4	1211.0	2975612
4	1182.0	2981623
4	1197.0	2987605
4	1240.0	2993602
4	1235.0	2999642
4	1152.0	3005677
4	1203.0	3011629
4	1192.0	3017632
4	1218.0	3023624
4	1222.0	3029642
4	1189.0	3035664
4	1212.0	3041653
4	1164.0	3047665
4	1246.0	3053629
4	1197.0	3059675
4	1189.0	3065672
4	1163.0	3071661
4	1161.0	3077624
4	1185.0	3083585
4	1234.0	3089570
4	1247.0	3095604
4	1175.0	3101651
4	1185.0	3107626
4	1202.0	3113611
4	1200.0	3119613
4	1247.0	3125613
4	1249.0	3131660
4	1159.0	3137709
4	1186.0	3143668
4	1234.0	3149654
4	1160.0	3155688
4	1207.0	3161648
4	1184.0	3167655
4	1158.0	3173639
4	1215.0	3179597
4	1186.0	3185612
4	1180.0	3191598
4	1215.0	3197578
4	1230.0	3203593
4	1233.0	3209623
4	1240.0	3215656
4	1235.0	3221696
4	1179.0	3227731
4	1203.0	3233710
4	1244.0	3239713
4	1249.0	3245757
4	1188.0	3251806
4	1183.0	3257794
4	1227.0	3263777
4	1234.0	3269804
4	1229.0	3275838
4	1188.0	3281867
4	1203.0	3287855
4	1241.0	3293858
4	1159.0	3299899
4	1173.0	3305858
4	1189.0	3311831
4	1215.0	3317820
4	1167.0	3323835
4	1153.0	3329802
4	1166.0	3335755
4	1156.0	3341721
4	1168.0	3347677
4	1184.0	3353645
4	1228.0	3359629
4	1151.0	3365657
4	1154.0	3371608
4	1247.0	3377562
4	1178.0	3383609
4	1214.0	3389587
4	1232.0	3395601
4	1230.0	3401633
4	1217.0	3407663
4	1157.0	3413680
4	1249.0	3419637
4	1242.0	3425686
4	1193.0	3431728
4	1241.0	3437721
4	1164.0	3443762
4	1194.0	3449726
4	1175.0	3455720
4	1247.0	3461695
4	1200.0	3467742
4	1221.0	3473742
4	1199.0	3479763
4	1167.0	3485762
4	1151.0	3491729
4	1182.0	3497680
4	1179.0	3503662
4	1187.0	3509641
4	1163.0	3515628
4	1207.0	3521591
4	1200.0	3527598
4	1158.0	3533598
4	1237.0	3539556
4	1204.0	3545593
4	1223.0	3551597
4	1169.0	3557620
4	1233.0	3563589
4	1167.0	3569622
4	1243.0	3575589
4	1163.0	3581632
4	1248.0	3587595
4	1183.0	3593643
4	1218.0	3599626
4	1171.0	3605644
4	1173.0	3611615
4	1178.0	3617588
4	1228.0	3623566
4	1168.0	3629594
4	1197.0	3635562
4	1219.0	3641559
4	1183.0	3647578
4	1153.0	3653561
4	1245.0	3659514
4	1154.0	3665559
4	1249.0	3671513
4	1204.0	3677562
4	1176.0	3683566
4	1214.0	3689542
4	1199.0	3695556
4	1188.0	3701555
4	1151.0	3707543
4	1164.0	3713494
4	1170.0	3719458
4	1169.0	3725428
4	1156.0	3731397
4	1196.0	3737353
4	1221.0	3743349
4	1161.0	3749370
4	1179.0	3755331
4	1186.0	3761310
4	1187.0	3767296
4	1227.0	3773283
4	1190.0	3779310
4	1194.0	3785300
4	1161.0	3791294
4	1167.0	3797255
4	1223.0	3803222
4	1181.0	3809245
4	1185.0	3815226
4	1230.0	3821211
4	1233.0	3827241
4	1191.0	3833274
4	1166.0	3839265
4	1185.0	3845231
4	1166.0	3851216
4	1188.0	3857182
4	1162.0	3863170
4	1246.0	3869132
4	1222.0	3875178
4	1213.0	3881200
4	1203.0	3887213
4	1229.0	3893216
4	1160.0	3899245
4	1159.0	3905205
4	1171.0	3911164
4	1202.0	3917135
4	1152.0	3923137
4	1158.0	3929089
4	1204.0	3935047
4	1184.0	3941051
4	1229.0	3947035
4	1200.0	3953064
4	1225.0	3959064
4	1185.0	3965089
4	1171.0	3971074
4	1158.0	3977045
4	1200.0	3983003
4	1183.0	3989003
4	1238.0	3994986
4	1183.0	4001024
4	1154.0	4007007
4	1233.0	4012961
4	1171.0	4018994
4	1239.0	4024965
4	1191.0	4031004
4	1198.0	4036995
4	1184.0	4042993
4	1232.0	4048977
4	1203.0	4055009
4	1249.0	4061012
4	1246.0	4067061
4	1232.0	4073107
4	1223.0	4079139
4	1223.0	4085162
4	1151.0	4091185
4	1226.0	4097136
4	1233.0	4103162
4	1168.0	4109195
4	1232.0	4115163
4	1207.0	4121195
4	1155.0	4127202
4	1199.0	4133157
4	1198.0	4139156
4	1238.0	4145154
4	1231.0	4151192
4	1203.0	4157223
4	1168.0	4163226
4	1182.0	4169194
4	1227.0	4175176
4	1189.0	4181203
4	1186.0	4187192
4	1224.0	4193178
4	1159.0	4199202
4	1247.0	4205161
4	1239.0	4211208
4	1205.0	4217247
4	1206.0	4223252
4	1214.0	4229258
4	1163.0	4235272
4	1238.0	4241235
4	1214.0	4247273
4	1174.0	4253287
4	1197.0	4259261
4	1217.0	4265258
4	1224.0	4271275
4	1219.0	4277299
4	1151.0	4283318
4	1216.0	4289269
4	1249.0	4295285
4	1194.0	4301334
4	1234.0	4307328
4	1236.0	4313362
4	1156.0	4319398
4	1189.0	4325354
4	1226.0	4331343
4	1166.0	4337369
4	1192.0	4343335
4	1158.0	4349327
4	1212.0	4355285
4	1227.0	4361297
4	1210.0	4367324
4	1179.0	4373334
4	1171.0	4379313
4	1247.0	4385284
4	1151.0	4391331
4	1199.0	4397282
4	1225.0	4403281
4	1155.0	4409306
4	1212.0	4415261
4	1214.0	4421273
4	1229.0	4427287
4	1163.0	4433316
4	1227.0	4439279
4	1166.0	4445306
4	1159.0	4451272
4	1210.0	4457231
4	1207.0	4463241
4	1167.0	4469248
4	1224.0	4475215
4	1238.0	4481239
4	1234.0	4487277
4	1186.0	4493311
4	1203.0	4499297
4	1198.0	4505300
4	1217.0	4511298
4	1205.0	4517315
4	1196.0	4523320
4	1202.0	4529316
4	1200.0	4535318
4	1162.0	4541318
4	1195.0	4547280
4	1177.0	4553275
4	1240.0	4559252
4	1202.0	4565292
4	1162.0	4571294
4	1200.0	4577256
4	1229.0	4583256
4	1189.0	4589285
4	1210.0	4595274
4	1228.0	4601284
4	1243.0	4607312
4	1237.0	4613355
4	1239.0	4619392
4	1158.0	4625431
4	1225.0	4631389
4	1245.0	4637414
4	1235.0	4643459
4	1182.0	4649494
4	1226.0	4655476
4	1202.0	4661502
4	1156.0	4667504
4	1233.0	4673460
4	1207.0	4679493
4	1200.0	4685500
4	1198.0	4691500
4	1215.0	4697498
4	1227.0	4703513
4	1234.0	4709540
4	1229.0	4715574
4	1189.0	4721603
4	1174.0	4727592
4	1225.0	4733566
4	1201.0	4739591
4	1226.0	4745592
4	1215.0	4751618
4	1216.0	4757633
4	1236.0	4763649
4	1167.0	4769685
4	1190.0	4775652
4	1232.0	4781642
4	1237.0	4787674
4	1220.0	4793711
4	1182.0	4799731
4	1216.0	4805713
4	1155.0	4811729
4	1190.0	4817684
4	1218.0	4823674
4	1237.0	4829692
4	1241.0	4835729
4	1186.0	4841770
4	1227.0	4847756
4	1168.0	4853783
4	1163.0	4859751
4	1174.0	4865714
4	1207.0	4871688
4	1153.0	4877695
4	1219.0	4883648
4	1227.0	4889667
4	1222.0	4895694
4	1195.0	4901716
4	1155.0	4907711
4	1249.0	4913666
4	1190.0	4919715
4	1248.0	4925705
4	1178.0	4931753
4	1205.0	4937731
4	1249.0	4943736
4	1153.0	4949785
4	1167.0	4955738
4	1232.0	4961705
4	1193.0	4967737
4	1226.0	4973730
4	1206.0	4979756
4	1177.0	4985762
4	1192.0	4991739
4	1233.0	4997731
4	1154.0	5003764
4	1172.0	5009718
