5
2	1248	2444
2	1202	5199
2	1197	7842
3	1196	9763
1	1186	9804
2	1164	10027
4	1182	10612
0	1233	11105
2	1186	11365
1	1227	11901
1	1176	14182
4	1190	14920
2	1178	16025
3	1203	17265
0	1213	17709
4	1175	18959
2	1194	19045
1	1171	19646
4	1195	20260
3	1237	20430
0	1200	23046
3	1177	23609
4	1238	25183
3	1207	28092
1	1181	29128
0	1186	30221
3	1153	30235
1	1185	31792
2	1245	32185
3	1240	32928
4	1228	34638
1	1207	35850
3	1180	36495
4	1226	36927
0	1185	39805
1	1230	40272
2	1232	40528
2	1214	41879
1	1171	42375
4	1233	42639
4	1157	44682
4	1235	47495
3	1199	47580
3	1219	48854
4	1249	50779
2	1156	51740
0	1161	53952
4	1217	54468
2	1174	54924
4	1177	57555
0	1178	59933
0	1210	61798
2	1163	61885
1	1199	62062
4	1168	63509
4	1239	68846
3	1214	69394
1	1209	71155
3	1232	75865
4	1203	79278
4	1196	81286
2	1241	83783
0	1249	86432
3	1208	87073
2	1184	87436
0	1171	88722
1	1161	89156
4	1217	90146
2	1227	90632
4	1238	91911
3	1185	91993
4	1156	95016
4	1238	96598
0	1169	98313
3	1244	98661
4	1209	98856
2	1188	99070
2	1153	100289
0	1189	101818
3	1175	102324
2	1227	103649
4	1219	104610
0	1242	104706
0	1186	106019
4	1225	106217
1	1200	107900
4	1193	110760
1	1153	112172
3	1208	112553
1	1197	115111
1	1152	117334
4	1200	119844
0	1177	122232
1	1243	122976
4	1169	123777
3	1158	126489
2	1161	126541
1	1178	127003
2	1248	128214
3	1235	128532
0	1230	129057
3	1157	132215
4	1207	132271
2	1234	134152
2	1232	137510
3	1157	138935
4	1245	139285
1	1175	139479
4	1207	140741
2	1227	142349
0	1172	142395
1	1155	143081
2	1244	143746
3	1162	146623
2	1158	148428
3	1183	149932
0	1222	151573
4	1216	152658
0	1211	153127
1	1200	155520
4	1161	157202
1	1214	157615
2	1203	158317
3	1158	159500
4	1212	161622
2	1194	162432
3	1156	163759
0	1222	164891
3	1165	165195
1	1226	166014
0	1223	166765
4	1236	167413
2	1216	167557
1	1227	168705
3	1159	169990
4	1208	170843
4	1215	172319
3	1163	172605
4	1216	175656
1	1156	177511
3	1207	178958
0	1176	180388
1	1222	180784
2	1168	181999
3	1197	182790
1	1200	183017
4	1248	183676
0	1240	185426
0	1155	187443
3	1170	187986
4	1213	188597
0	1191	189357
1	1219	189615
2	1233	189980
1	1172	191616
4	1200	191668
0	1177	192074
4	1194	193030
3	1238	195829
2	1249	196603
0	1202	197561
1	1183	198035
1	1192	199290
3	1192	199620
4	1206	199767
1	1194	202055
3	1215	204254
0	1192	204343
1	1199	206344
3	1174	207300
0	1234	207453
0	1151	209001
4	1211	211956
0	1240	214048
1	1177	215611
0	1188	216824
4	1151	220268
2	1198	222335
0	1239	222945
3	1192	226793
1	1195	227177
0	1152	230983
2	1244	231186
3	1223	233254
3	1207	234989
2	1208	236905
4	1202	238098
0	1172	239065
2	1235	240921
0	1194	240933
0	1232	243402
1	1226	245368
0	1178	245892
3	1172	246099
3	1171	252059
1	1220	252636
3	1174	253311
0	1223	253630
0	1214	258749
1	1225	259498
2	1220	259772
4	1206	260804
3	1212	261183
2	1211	262841
3	1219	264199
0	1159	264318
2	1198	265147
4	1222	265232
1	1190	266499
4	1204	268508
1	1240	268759
2	1243	269906
3	1190	271304
1	1171	271766
2	1235	272990
0	1196	274219
3	1227	275143
2	1217	275511
2	1182	278063
3	1234	278512
1	1207	279769
3	1213	281393
4	1183	282605
3	1155	284068
0	1206	285144
2	1164	286423
4	1152	286561
0	1206	287828
3	1249	287921
2	1169	288490
2	1228	289695
4	1240	290016
3	1165	291911
1	1175	292580
2	1194	292796
0	1232	293264
4	1172	294412
2	1183	294540
3	1248	296350
2	1232	299736
1	1159	300035
1	1196	302620
4	1181	302824
0	1222	302927
2	1191	303792
2	1153	305014
4	1239	306272
3	1215	308158
2	1163	309598
4	1210	310052
1	1219	310694
3	1165	311305
2	1174	312375
3	1235	319346
1	1156	319524
4	1246	320346
2	1159	320379
1	1169	321976
2	1230	322295
4	1244	322384
2	1245	327961
0	1186	328605
4	1183	328701
3	1160	329237
4	1245	331130
1	1231	331946
0	1242	332453
4	1207	333274
2	1213	334378
0	1216	335392
1	1223	336496
0	1245	338312
4	1152	339026
3	1207	341505
1	1170	342942
0	1180	343151
3	1167	346166
2	1197	346930
4	1164	348133
2	1182	351465
0	1160	352179
4	1184	353388
1	1167	354551
4	1200	355276
3	1177	355453
1	1241	357069
0	1195	357513
1	1202	359268
4	1212	359482
0	1176	363972
2	1165	364035
0	1204	365200
1	1184	366270
3	1186	368309
0	1180	369252
3	1221	369591
2	1213	370864
1	1200	374600
4	1197	375789
0	1232	375952
1	1210	377051
0	1171	378971
2	1202	379219
4	1225	379533
0	1235	380900
3	1230	381293
4	1216	382340
1	1224	382811
2	1213	382923
3	1236	382971
3	1218	384702
4	1192	385309
3	1231	386178
3	1174	388126
4	1168	390222
3	1210	390312
2	1167	391494
4	1196	393232
3	1238	393294
0	1171	394654
1	1221	394994
4	1221	396726
0	1152	397565
2	1176	397678
4	1205	398066
2	1209	402707
3	1173	403105
3	1206	405509
1	1215	405910
3	1165	408962
0	1176	409143
1	1217	411680
3	1223	411742
4	1246	413188
1	1178	414188
3	1236	415673
4	1237	415786
1	1182	416768
3	1157	418894
0	1153	420257
4	1165	422794
1	1219	426503
1	1209	428733
3	1163	430198
2	1198	431122
4	1210	431775
1	1230	437243
4	1214	438088
2	1168	438947
1	1163	439665
4	1216	443196
4	1197	445225
3	1210	447212
0	1180	447906
4	1186	448532
0	1159	449355
3	1240	450916
1	1170	451262
4	1237	452035
0	1151	453498
3	1160	453568
1	1155	454701
3	1229	455867
1	1230	456071
1	1217	457680
3	1233	458446
2	1164	459909
1	1177	462902
2	1157	463073
3	1172	463924
2	1229	465671
0	1199	466114
0	1168	468519
1	1161	469405
4	1199	469998
0	1204	470169
1	1243	470772
2	1197	471193
4	1182	472475
3	1160	472990
2	1196	473897
0	1203	474454
3	1208	475580
4	1166	476258
1	1189	477451
3	1158	478282
1	1178	478798
4	1182	479924
2	1151	484064
0	1161	484954
3	1229	484981
1	1171	486545
4	1226	488826
4	1166	491224
1	1198	491848
4	1192	493888
4	1168	495219
3	1151	497053
2	1198	497280
0	1210	497784
1	1200	500613
4	1224	501052
0	1165	501964
2	1199	502054
4	1238	502587
1	1206	503666
0	1240	503894
2	1248	506395
3	1196	508138
4	1178	510756
1	1178	511756
0	1152	513066
2	1242	513611
0	1167	516812
0	1160	519904
4	1180	522528
4	1176	525123
3	1209	525707
4	1213	526307
2	1218	526884
1	1186	527382
4	1203	528485
2	1217	529797
0	1187	531616
3	1207	532690
0	1167	533025
4	1196	533561
3	1249	535328
3	1163	538456
2	1182	538635
0	1203	539098
4	1174	540629
0	1177	541719
3	1244	543280
1	1207	544503
4	1202	547141
2	1206	548414
2	1245	549662
0	1173	550647
1	1191	550783
1	1220	553072
0	1222	553095
0	1249	556078
1	1236	556362
3	1185	557009
4	1203	557610
0	1234	557930
0	1159	560852
1	1241	561928
4	1212	563060
0	1215	563449
0	1215	566698
2	1153	566926
4	1152	567066
1	1218	569189
0	1222	569697
4	1154	570450
3	1204	571311
1	1158	572378
4	1186	573855
0	1248	574267
1	1165	574435
4	1158	575403
2	1155	575655
4	1213	577340
3	1197	578557
0	1153	579707
3	1217	580102
3	1228	581518
1	1186	581720
2	1187	582771
3	1154	583473
0	1185	583534
4	1208	585477
3	1214	586441
1	1185	586470
0	1201	587323
1	1217	588069
2	1167	589879
1	1155	590847
3	1151	591281
3	1223	596277
4	1215	596580
1	1167	597097
2	1179	598406
4	1229	599212
0	1236	599706
1	1200	599830
2	1216	605037
0	1244	607539
4	1233	609864
4	1155	611477
2	1236	611707
0	1178	612219
1	1185	613106
0	1234	615915
3	1197	615978
4	1160	617559
2	1230	617924
3	1244	619411
0	1160	619786
2	1177	621786
0	1166	623669
4	1203	625898
4	1204	627394
3	1200	627630
1	1231	632181
3	1175	633285
4	1212	633776
4	1235	635502
2	1170	635535
3	1249	635584
1	1170	636295
1	1215	639345
0	1249	639680
2	1200	640808
1	1173	641063
0	1210	641321
2	1189	642203
4	1200	642211
1	1245	643296
4	1245	644523
2	1190	646007
3	1170	646329
4	1175	648638
3	1178	648884
2	1249	650398
2	1183	652611
0	1161	653510
0	1213	655694
1	1196	656115
1	1198	657964
4	1162	660113
0	1158	660407
1	1177	660755
4	1189	662169
2	1227	662695
3	1156	662717
1	1154	662829
0	1152	663264
3	1192	663924
3	1178	666485
1	1208	667688
2	1235	668666
0	1199	669267
4	1201	670247
2	1178	672524
3	1176	675545
4	1168	676758
0	1223	677071
2	1208	677181
3	1196	679232
1	1170	679423
0	1207	680278
4	1169	681565
1	1219	682983
0	1237	683072
3	1225	683249
3	1168	685490
2	1232	686026
2	1219	687488
0	1237	687704
1	1175	688244
3	1199	689200
4	1187	689933
0	1230	692270
2	1167	693492
3	1228	694387
1	1172	695116
4	1188	695876
3	1201	695901
1	1197	697255
0	1198	699279
1	1235	700037
2	1179	701757
3	1204	704896
2	1213	705473
4	1238	705922
4	1225	707658
2	1219	708297
2	1186	709717
4	1180	711513
0	1180	712549
1	1176	714084
2	1175	714479
3	1207	717446
4	1170	717692
2	1169	720624
0	1209	720996
1	1240	724720
2	1169	725856
0	1181	726899
0	1172	728928
2	1222	729400
4	1164	732870
1	1162	732925
3	1151	733207
2	1160	733815
1	1248	737650
4	1201	738793
2	1189	742260
0	1220	742319
3	1190	743124
2	1228	743587
4	1152	743855
1	1176	747290
2	1204	748231
0	1151	748405
4	1183	748504
4	1221	751217
3	1217	753950
4	1247	754202
1	1175	754600
3	1215	756114
4	1225	757227
1	1192	758497
3	1151	758513
0	1215	760022
4	1224	760141
2	1179	760585
1	1242	762230
3	1199	762640
4	1208	763259
0	1184	763593
1	1212	763770
3	1190	764490
0	1160	766439
3	1205	766464
0	1219	767976
1	1193	768591
2	1207	768654
0	1218	769648
3	1221	769834
4	1196	771656
1	1215	773759
3	1161	774672
2	1240	775026
4	1243	775480
0	1227	777205
4	1186	778806
3	1191	779918
0	1216	780800
2	1248	782462
3	1156	785910
2	1163	786362
0	1183	786951
2	1157	787574
4	1168	788345
3	1153	789798
2	1200	790008
1	1229	792168
3	1248	792360
0	1160	794847
3	1230	795402
2	1160	798418
0	1178	798665
2	1188	799630
4	1181	799849
4	1231	802591
2	1197	803926
0	1186	804040
1	1194	805045
2	1184	805317
0	1207	806306
4	1181	806351
3	1190	806991
2	1210	808831
0	1196	810292
2	1238	811060
4	1165	812477
3	1178	813814
2	1203	815108
2	1226	817298
1	1168	818900
2	1156	820553
3	1191	822448
0	1151	822919
4	1246	823777
0	1246	825653
3	1248	826523
1	1156	826543
4	1230	827286
2	1183	828845
4	1221	828928
3	1179	830629
4	1223	831582
2	1152	831974
1	1160	832093
0	1197	832443
1	1216	834132
1	1244	836485
4	1206	840763
1	1199	841964
4	1200	842466
0	1222	842941
4	1229	843758
2	1238	844779
4	1223	845111
1	1244	847528
0	1182	849483
4	1237	851234
1	1245	851855
3	1219	852161
2	1162	853980
3	1193	854092
3	1177	855861
4	1208	855908
1	1230	858529
0	1232	859022
4	1178	860996
3	1186	861154
2	1249	863092
0	1164	863805
4	1208	864354
1	1188	865363
4	1246	867598
2	1232	868129
0	1161	869502
2	1197	869878
2	1174	871678
3	1246	872460
1	1168	872817
4	1181	873731
2	1179	875236
1	1178	875411
0	1176	875597
3	1184	875945
2	1163	876772
4	1218	878269
3	1219	880118
0	1169	880301
1	1192	880709
0	1227	882577
3	1215	883232
1	1238	883415
4	1249	884870
0	1234	885335
4	1154	886131
1	1207	888955
4	1158	889820
3	1158	891049
1	1225	891413
2	1248	892943
4	1225	894121
2	1232	896077
3	1154	896310
4	1190	899143
3	1246	899956
1	1234	900513
2	1178	901951
3	1194	902073
0	1173	904204
4	1241	905018
2	1210	905642
4	1189	907527
2	1234	910262
2	1223	913303
0	1235	913593
3	1234	914483
0	1179	915762
0	1187	917508
1	1172	919216
4	1171	919231
3	1242	921901
2	1197	922085
1	1214	922735
2	1230	923403
3	1205	924917
4	1239	925043
1	1206	925283
0	1156	925910
2	1184	927543
4	1201	927746
1	1187	928454
2	1216	929379
0	1223	929553
0	1239	930779
3	1225	930936
3	1242	935270
2	1221	935808
0	1222	937175
4	1176	939078
0	1161	939164
2	1166	939567
3	1196	939626
1	1195	941059
4	1200	943135
2	1172	943826
1	1197	944795
4	1205	944971
0	1174	946098
0	1226	950729
4	1166	951199
4	1219	953183
3	1180	953558
2	1222	956274
3	1177	957169
2	1233	959338
3	1165	962520
2	1190	963316
2	1223	964570
3	1205	967287
4	1193	968284
2	1197	969770
3	1156	970819
0	1174	970882
2	1200	971129
1	1218	974864
0	1186	975907
1	1192	976273
2	1182	976356
0	1224	977394
2	1205	978626
3	1190	979452
2	1234	980378
3	1198	980730
0	1189	981059
3	1195	981966
2	1179	982293
0	1244	983904
2	1152	984478
4	1174	985106
1	1208	986191
0	1220	987558
2	1151	988020
4	1185	988327
1	1209	989460
2	1166	990277
3	1186	991917
4	1151	993229
0	1215	993964
0	1176	997555
4	1203	997624
2	1249	997644
3	1226	997768
2	1166	999026
0	1164	1000444
1	1237	1000664
3	1156	1002725
2	1192	1003243
0	1210	1003638
1	1177	1004311
3	1216	1004520
1	1203	1006332
2	1229	1007032
3	1246	1007324
1	1167	1008499
4	1185	1009055
4	1225	1011501
0	1214	1013315
0	1154	1014781
2	1231	1017800
0	1161	1018557
3	1203	1018644
4	1239	1018801
1	1169	1020700
2	1239	1022049
3	1244	1022485
1	1158	1023258
4	1232	1024163
1	1162	1024647
4	1170	1025826
0	1152	1026196
1	1208	1027478
0	1163	1029492
1	1228	1032981
4	1178	1033821
2	1208	1036732
1	1211	1038665
0	1193	1039058
2	1190	1039109
4	1221	1042226
3	1175	1042769
2	1222	1043159
2	1202	1045743
0	1233	1046807
3	1234	1047547
4	1174	1048572
0	1186	1048841
2	1222	1049662
1	1192	1050141
0	1162	1050292
4	1218	1051697
1	1186	1051813
3	1153	1053052
1	1158	1054248
4	1185	1054795
1	1205	1055852
2	1217	1056356
4	1182	1058736
0	1172	1059733
4	1225	1059936
0	1194	1063336
4	1227	1063354
3	1214	1063869
3	1189	1066670
1	1170	1068732
3	1246	1069809
4	1164	1070260
1	1162	1071238
4	1177	1075275
2	1172	1076129
4	1173	1077378
0	1207	1077425
1	1175	1079599
4	1227	1079832
0	1248	1081844
4	1165	1082690
2	1240	1085392
1	1164	1085500
0	1183	1086476
2	1168	1087305
3	1225	1091079
2	1163	1091848
1	1154	1092575
4	1202	1092805
0	1190	1093076
1	1237	1095273
4	1180	1095309
3	1196	1095514
0	1243	1095955
3	1156	1098946
1	1227	1099722
3	1242	1101578
1	1240	1103766
0	1225	1105012
4	1191	1105387
2	1185	1105978
0	1238	1107839
3	1242	1108914
2	1177	1109122
0	1240	1109606
2	1248	1111840
0	1245	1112692
1	1183	1114124
4	1174	1114890
1	1246	1116614
2	1185	1119027
4	1228	1119828
3	1184	1121676
2	1217	1122596
2	1248	1124492
4	1236	1125901
3	1195	1130923
2	1156	1131810
1	1208	1132410
2	1204	1133938
4	1182	1134897
1	1198	1136022
2	1210	1136245
2	1192	1137751
3	1185	1137889
4	1185	1140120
2	1182	1140177
4	1151	1143626
3	1219	1146241
4	1163	1146830
0	1246	1147002
3	1219	1148605
4	1182	1150304
3	1157	1152552
4	1176	1152827
1	1200	1153134
0	1208	1153198
3	1196	1154260
4	1240	1154952
2	1214	1155905
0	1248	1155994
3	1153	1157512
1	1165	1159140
1	1220	1160760
4	1153	1162086
1	1210	1163608
4	1215	1164224
2	1247	1164557
3	1189	1165572
2	1231	1166189
0	1200	1166338
4	1174	1167125
3	1249	1170757
3	1191	1175270
4	1199	1179723
4	1223	1181046
3	1242	1184047
2	1195	1185151
1	1156	1188045
4	1159	1190423
3	1233	1190656
4	1181	1192074
2	1151	1194252
1	1161	1195747
2	1176	1197513
2	1249	1198820
1	1234	1199128
2	1227	1202735
3	1213	1203537
1	1169	1205943
1	1172	1209172
3	1168	1209444
2	1213	1209497
1	1164	1211391
2	1204	1211759
0	1170	1212425
3	1165	1213601
1	1165	1213855
2	1180	1215342
0	1223	1215470
1	1233	1217124
0	1165	1217638
0	1163	1220008
1	1172	1220277
2	1206	1220468
1	1207	1223047
0	1233	1224693
4	1226	1225244
3	1245	1226372
1	1238	1227988
3	1229	1228959
1	1166	1230998
0	1155	1231709
3	1157	1233135
2	1187	1233590
0	1218	1234259
2	1158	1236337
0	1164	1237273
4	1196	1238323
2	1233	1241063
0	1231	1241468
2	1221	1243030
1	1221	1244489
4	1194	1244711
0	1234	1244744
2	1208	1245740
4	1217	1247596
1	1219	1248365
2	1165	1248541
0	1244	1249541
4	1183	1250508
0	1240	1252299
1	1169	1252496
2	1186	1254593
1	1234	1254658
0	1153	1256150
2	1222	1258868
0	1174	1260244
2	1171	1262256
0	1163	1264817
4	1209	1264820
3	1241	1265236
0	1195	1265998
1	1223	1267442
0	1247	1269701
4	1154	1270085
4	1190	1273361
2	1214	1274019
3	1190	1274613
0	1209	1275290
1	1228	1276418
1	1225	1278492
2	1244	1278927
0	1201	1281129
1	1181	1281896
0	1177	1283594
4	1192	1284670
0	1234	1285013
3	1165	1285771
2	1184	1289274
1	1167	1293285
1	1214	1294462
1	1175	1297420
3	1182	1297444
1	1196	1298738
0	1171	1300440
4	1183	1300559
3	1169	1301165
4	1174	1301989
2	1167	1303091
4	1184	1303310
1	1214	1303963
0	1166	1304581
3	1174	1306074
1	1242	1306642
4	1207	1309888
0	1157	1311385
3	1176	1311796
4	1225	1313259
2	1194	1314151
4	1226	1315895
3	1162	1318480
4	1160	1318713
0	1234	1319680
3	1189	1319752
0	1158	1321223
0	1181	1322976
4	1164	1324467
2	1203	1325157
4	1202	1325812
1	1242	1326204
3	1172	1326239
1	1224	1328255
2	1162	1331124
0	1227	1332203
3	1233	1332342
1	1199	1334116
3	1167	1335211
3	1224	1336820
4	1222	1337109
3	1156	1338177
0	1224	1338472
1	1245	1339812
3	1230	1342985
2	1205	1345611
0	1169	1346061
1	1207	1347899
2	1193	1348827
0	1183	1349165
1	1213	1349533
4	1179	1351615
2	1245	1352678
3	1213	1353447
1	1232	1356635
4	1160	1358960
2	1169	1359211
3	1221	1360024
3	1191	1364238
0	1230	1364307
2	1174	1364775
4	1189	1365256
0	1222	1365988
2	1156	1367087
3	1187	1367288
0	1215	1370730
3	1248	1373100
4	1200	1373200
0	1219	1373254
2	1238	1373991
4	1210	1374596
3	1241	1374944
1	1227	1376550
3	1213	1376579
4	1154	1377981
1	1230	1378039
2	1208	1378759
3	1171	1380005
1	1168	1380129
3	1165	1385176
1	1180	1385732
4	1157	1387005
3	1229	1387124
2	1196	1387315
1	1234	1387831
0	1239	1388669
3	1194	1389384
0	1168	1392606
3	1197	1393436
0	1218	1394047
2	1200	1394243
4	1226	1394944
1	1189	1395688
1	1177	1401550
4	1180	1402132
2	1159	1402660
1	1233	1407327
4	1183	1407894
2	1154	1408737
1	1200	1409415
3	1243	1409858
2	1237	1411547
3	1234	1414372
2	1224	1415618
3	1233	1415897
0	1194	1418222
3	1166	1418479
2	1212	1418491
3	1235	1420469
2	1168	1423099
4	1217	1424479
2	1153	1424816
3	1243	1425112
0	1210	1425715
1	1154	1426208
3	1172	1426684
4	1208	1427350
0	1248	1427766
3	1164	1429163
0	1168	1429776
2	1208	1430297
1	1230	1432557
0	1157	1433904
0	1191	1435370
1	1184	1437272
0	1188	1438311
1	1151	1439057
3	1188	1439628
0	1192	1441328
3	1200	1442047
1	1247	1442412
2	1165	1443949
1	1237	1446431
2	1203	1447474
2	1157	1452107
0	1232	1452127
1	1199	1456437
4	1154	1457502
1	1152	1458805
0	1160	1459509
3	1197	1460247
4	1206	1461316
0	1195	1461857
2	1238	1462264
1	1159	1462362
4	1166	1463990
0	1175	1464536
1	1199	1466006
3	1228	1466532
1	1225	1468346
4	1152	1468492
1	1208	1469850
2	1169	1470990
3	1214	1472241
1	1195	1472537
2	1217	1473190
1	1223	1474692
1	1204	1476290
1	1172	1478858
2	1191	1479941
3	1165	1482129
2	1231	1483547
1	1219	1485659
3	1177	1485701
0	1240	1487846
2	1170	1489522
4	1201	1489628
4	1166	1491047
2	1187	1495089
0	1215	1497308
2	1202	1497477
4	1225	1498560
3	1155	1499836
2	1154	1500063
1	1183	1501184
3	1159	1502699
2	1244	1506108
0	1236	1506629
3	1174	1506654
2	1230	1509964
0	1204	1510685
3	1164	1512370
0	1232	1514064
4	1234	1515433
2	1164	1516184
1	1238	1516910
4	1156	1517618
2	1218	1519129
1	1192	1521516
2	1160	1523024
0	1163	1524566
3	1200	1526144
1	1193	1528218
1	1222	1529511
4	1189	1529665
1	1169	1531423
4	1199	1532320
1	1233	1534452
2	1161	1534845
4	1201	1536607
3	1173	1542096
1	1206	1542941
1	1202	1544473
0	1200	1544847
2	1180	1545159
2	1152	1547665
1	1244	1548472
3	1201	1548667
1	1151	1549947
4	1246	1550765
2	1189	1550774
0	1160	1551572
3	1234	1552253
2	1205	1554083
2	1198	1555682
0	1175	1556478
1	1191	1556537
1	1218	1558690
3	1201	1560379
4	1191	1561609
1	1200	1562564
0	1244	1566688
4	1246	1566975
4	1155	1569699
4	1227	1573276
0	1234	1573689
1	1167	1576934
1	1238	1578316
0	1238	1579187
4	1159	1579885
3	1246	1580040
4	1169	1581218
0	1234	1582664
3	1206	1584465
1	1229	1586344
4	1230	1587641
3	1169	1588074
0	1225	1588338
1	1158	1588391
3	1225	1589552
0	1203	1590195
4	1176	1590577
0	1217	1592104
1	1222	1592863
1	1156	1594114
3	1241	1598009
3	1154	1600134
4	1193	1600297
2	1230	1600526
2	1221	1602645
3	1183	1603684
1	1203	1603758
0	1156	1604365
3	1206	1604903
2	1206	1607345
3	1209	1608131
1	1230	1608245
1	1186	1610739
4	1159	1610776
4	1173	1612476
3	1213	1612566
3	1165	1615736
1	1161	1616332
2	1189	1617311
4	1153	1617326
3	1155	1619305
0	1228	1619588
1	1237	1619839
4	1177	1620274
3	1214	1621625
2	1243	1622410
4	1244	1622896
1	1194	1624048
2	1242	1624127
3	1192	1625561
0	1179	1625773
2	1158	1626484
1	1226	1628954
1	1163	1631091
0	1186	1632532
0	1220	1635207
2	1165	1638561
0	1176	1639672
1	1231	1640230
2	1234	1640594
1	1153	1642007
2	1168	1642834
1	1213	1645875
0	1166	1646256
2	1245	1646668
4	1247	1647973
3	1185	1649005
2	1171	1649117
0	1173	1649451
1	1211	1650425
4	1164	1651175
2	1217	1651538
1	1216	1654166
1	1212	1655495
3	1216	1655512
0	1157	1657813
1	1181	1658614
0	1181	1660517
1	1193	1660601
2	1168	1666219
4	1178	1666873
2	1221	1667429
0	1240	1667539
1	1158	1668421
0	1193	1671088
3	1178	1671683
1	1235	1671728
4	1249	1672068
2	1246	1672200
1	1159	1673026
1	1209	1676218
2	1178	1677998
1	1199	1678556
1	1155	1679836
4	1162	1680622
2	1214	1684546
4	1229	1685372
1	1195	1685492
3	1247	1686113
2	1191	1686832
4	1202	1687888
1	1180	1688308
4	1230	1690028
0	1209	1692094
4	1171	1693294
3	1173	1693403
2	1161	1695144
0	1208	1695239
4	1190	1695284
3	1243	1699395
3	1215	1700706
0	1224	1705124
0	1155	1707219
3	1188	1707260
4	1162	1709784
2	1197	1710818
4	1174	1711341
0	1203	1711360
0	1188	1712665
3	1182	1712690
3	1199	1715224
4	1196	1715297
2	1237	1717834
2	1218	1719302
4	1168	1719556
3	1245	1721173
0	1239	1723983
1	1209	1726375
3	1153	1727986
4	1223	1728691
2	1246	1729619
1	1248	1729704
4	1165	1731287
1	1183	1731473
2	1176	1732572
0	1227	1732726
0	1170	1738757
2	1164	1739240
3	1192	1740561
1	1227	1740871
4	1187	1741494
2	1186	1742210
4	1200	1742817
2	1212	1744323
4	1156	1745504
0	1236	1745693
1	1245	1745840
2	1229	1746482
4	1153	1747167
3	1184	1748556
3	1178	1750460
2	1176	1750544
1	1224	1751773
4	1196	1751961
0	1226	1752662
2	1231	1753962
3	1242	1755036
2	1189	1755223
4	1183	1755969
0	1235	1756042
1	1187	1760268
4	1177	1764150
0	1190	1764440
0	1156	1765856
2	1185	1765966
3	1215	1766048
3	1193	1767788
2	1239	1769148
0	1200	1769220
1	1168	1769676
2	1182	1771920
4	1183	1774535
0	1245	1775270
0	1204	1777264
3	1210	1778618
0	1183	1779126
2	1239	1779604
0	1190	1782739
2	1199	1783806
4	1151	1785117
1	1152	1785833
4	1202	1786506
0	1173	1786916
4	1180	1789746
2	1156	1792776
4	1166	1793957
0	1187	1795517
0	1220	1796791
1	1158	1798372
4	1247	1801467
1	1228	1804104
3	1231	1805491
4	1156	1805584
2	1241	1806296
4	1198	1809927
2	1162	1810042
1	1193	1810321
2	1193	1811871
1	1244	1811906
4	1201	1814764
1	1165	1815021
3	1206	1816218
4	1190	1817039
3	1216	1818823
2	1238	1818914
1	1173	1819141
2	1198	1820686
0	1179	1821736
3	1202	1822632
2	1225	1822817
3	1169	1824108
0	1186	1824163
1	1221	1825267
4	1152	1825294
2	1160	1827341
1	1179	1827632
4	1219	1828052
0	1154	1828417
4	1189	1830496
3	1192	1831035
0	1179	1833380
2	1249	1834807
0	1248	1835540
1	1240	1836099
0	1225	1838152
4	1153	1840923
1	1234	1841797
4	1192	1842434
2	1175	1842723
1	1169	1845969
2	1158	1848280
4	1168	1848310
0	1198	1848969
3	1153	1849926
2	1184	1849943
4	1171	1851002
1	1168	1851155
3	1200	1851533
4	1155	1852770
3	1192	1852788
0	1190	1853678
4	1239	1855174
1	1167	1855437
0	1190	1856421
1	1180	1856702
2	1221	1858503
3	1162	1861164
1	1240	1863360
4	1213	1863399
3	1190	1863500
1	1206	1865012
2	1218	1865442
0	1248	1865512
1	1167	1866238
4	1219	1867837
1	1208	1869618
4	1246	1870262
3	1222	1870874
1	1169	1871238
1	1245	1872830
4	1233	1872969
3	1162	1873286
0	1154	1875149
2	1247	1876912
4	1186	1878768
0	1203	1879105
1	1184	1880004
2	1194	1880885
4	1238	1881945
2	1244	1883130
1	1232	1885716
4	1171	1886182
3	1213	1886426
3	1176	1887834
1	1231	1889764
3	1247	1889878
0	1227	1891515
3	1219	1892524
2	1218	1893550
0	1165	1894546
3	1220	1896375
2	1245	1897237
4	1200	1897978
0	1202	1898892
4	1186	1902867
0	1249	1904929
3	1198	1905684
3	1243	1908050
4	1248	1908646
1	1184	1908671
4	1239	1910154
2	1228	1910584
0	1189	1912077
2	1221	1913173
3	1226	1915438
1	1194	1915497
2	1183	1917651
0	1220	1919549
4	1185	1919594
2	1173	1920579
3	1152	1920791
3	1218	1922593
1	1193	1923588
0	1229	1923691
4	1233	1924200
4	1188	1926191
0	1231	1926263
3	1152	1929760
0	1193	1929877
1	1243	1931473
2	1198	1931932
4	1235	1932161
0	1163	1932574
4	1207	1933490
2	1193	1934564
3	1219	1934888
0	1243	1935834
2	1235	1936333
0	1203	1940672
3	1204	1941048
1	1195	1943945
2	1153	1946410
3	1155	1946522
0	1157	1947029
3	1197	1948201
0	1178	1948320
1	1180	1949212
2	1248	1949476
1	1169	1951204
3	1206	1951567
2	1200	1952261
0	1245	1952624
3	1193	1953172
2	1197	1953732
1	1182	1953863
4	1196	1954070
1	1201	1955665
4	1224	1956069
0	1219	1956803
3	1190	1957812
4	1236	1958974
0	1236	1959771
4	1182	1960310
0	1181	1961106
2	1168	1963429
0	1206	1964115
3	1189	1964915
2	1184	1965466
3	1184	1966349
4	1175	1967046
2	1239	1967065
0	1180	1968484
1	1235	1969386
3	1218	1971042
1	1185	1972003
0	1248	1972794
3	1160	1972928
4	1189	1973486
3	1158	1977125
2	1153	1977345
3	1151	1978351
1	1207	1979422
4	1216	1980225
2	1166	1980722
0	1224	1981957
2	1199	1982347
1	1164	1983615
2	1211	1984057
0	1175	1984515
1	1174	1984840
0	1197	1985742
3	1215	1986046
1	1216	1994695
3	1249	1995783
0	1243	1996215
4	1189	1997253
4	1156	2000373
2	1248	2001520
1	1191	2001680
4	1154	2002008
0	1223	2002750
1	1239	2003722
1	1246	2005946
4	1176	2006138
0	1243	2007867
1	1246	2008236
3	1207	2008421
2	1181	2008742
2	1214	2011763
3	1234	2012971
2	1188	2015231
1	1238	2018250
2	1249	2019296
3	1238	2020002
4	1178	2020460
0	1166	2023021
3	1195	2025572
0	1232	2025602
0	1228	2026905
2	1249	2031228
3	1196	2031483
4	1244	2032517
1	1239	2033197
0	1237	2034609
1	1224	2035103
0	1206	2037859
1	1213	2040168
3	1189	2041277
2	1233	2043775
3	1249	2044058
4	1221	2044549
1	1206	2045438
1	1189	2047085
4	1198	2047224
3	1170	2049515
2	1225	2051026
3	1178	2054134
0	1178	2054645
1	1170	2056071
2	1248	2056607
4	1238	2057657
0	1205	2059213
2	1237	2061734
3	1188	2062762
2	1152	2064549
0	1192	2064674
0	1215	2065994
3	1205	2066518
1	1177	2067032
1	1212	2071079
2	1234	2071848
3	1210	2071963
4	1246	2072872
0	1200	2073619
0	1181	2075053
3	1170	2076713
2	1219	2078124
3	1153	2079083
2	1191	2079670
0	1156	2080199
2	1191	2082523
2	1245	2084922
4	1205	2085869
1	1157	2085970
3	1167	2085998
0	1243	2087368
2	1158	2087385
0	1167	2090511
1	1210	2093260
3	1206	2094062
0	1177	2096486
2	1202	2097000
4	1245	2100272
3	1216	2100704
0	1223	2101517
0	1181	2102742
1	1180	2103808
1	1215	2106194
2	1242	2107283
1	1221	2107567
3	1190	2108348
2	1244	2110689
4	1173	2112251
3	1171	2114239
4	1165	2114432
0	1169	2116816
2	1230	2121709
0	1245	2124275
4	1211	2124575
2	1238	2125527
3	1248	2126010
1	1206	2127100
4	1228	2131055
3	1162	2132806
4	1234	2133550
3	1195	2133975
1	1170	2134066
3	1244	2135715
4	1208	2136021
0	1178	2136182
1	1209	2137176
3	1233	2137293
0	1234	2138779
3	1174	2140105
2	1245	2144135
1	1183	2145452
1	1151	2147290
2	1191	2147752
4	1248	2148404
2	1155	2148996
4	1222	2151104
0	1194	2152966
4	1159	2157083
4	1160	2159163
1	1231	2159192
0	1161	2159293
0	1204	2162088
1	1239	2162938
2	1166	2163370
4	1237	2164724
0	1210	2164835
1	1240	2166857
3	1187	2171671
4	1212	2172147
4	1167	2173768
2	1211	2173772
0	1246	2175852
1	1156	2176532
0	1249	2177821
1	1228	2178979
0	1216	2179296
4	1230	2179653
0	1233	2181842
4	1187	2182600
3	1247	2182919
2	1198	2184681
0	1191	2185888
2	1158	2186907
0	1154	2187175
3	1246	2188080
3	1165	2190477
3	1157	2193577
2	1193	2194323
0	1184	2194344
4	1185	2195416
1	1163	2196309
2	1200	2196664
0	1188	2197549
0	1201	2198914
4	1214	2200906
4	1197	2202883
1	1200	2206145
2	1181	2206798
0	1157	2207585
0	1161	2209038
2	1192	2209922
3	1169	2210644
0	1247	2210688
0	1151	2212120
2	1190	2212952
3	1185	2213131
2	1195	2214430
4	1155	2214555
0	1232	2215863
2	1172	2216941
1	1218	2217041
3	1199	2217607
2	1220	2220866
3	1154	2221061
2	1177	2223375
3	1220	2223946
4	1204	2224760
1	1159	2225568
1	1188	2228879
2	1231	2229698
1	1169	2230111
4	1158	2233428
2	1174	2233784
3	1184	2234430
4	1211	2235990
3	1194	2237355
0	1177	2238562
0	1225	2240944
4	1230	2243203
4	1244	2244631
3	1235	2247586
3	1208	2250001
1	1163	2250052
2	1177	2251387
2	1176	2253070
1	1176	2253419
2	1181	2255928
0	1181	2258356
4	1204	2258357
1	1178	2261192
4	1219	2263584
0	1176	2264775
1	1160	2267304
2	1200	2270396
4	1183	2270863
1	1197	2272455
1	1227	2273701
0	1198	2273891
1	1206	2278576
0	1173	2279882
2	1183	2279990
3	1165	2280126
1	1221	2280719
4	1152	2280915
2	1164	2281706
0	1217	2281852
1	1244	2283087
2	1182	2283630
4	1211	2285548
1	1213	2285726
3	1151	2286555
2	1211	2286800
3	1162	2288503
4	1229	2291222
3	1158	2291316
0	1231	2291474
1	1184	2291724
2	1155	2292845
4	1171	2294342
3	1213	2296423
2	1199	2301410
4	1164	2301514
1	1242	2303667
2	1195	2304562
3	1166	2306191
4	1235	2307213
2	1165	2307515
0	1200	2309915
1	1229	2310249
4	1215	2310877
3	1204	2311039
1	1163	2313163
2	1166	2315901
4	1218	2315950
1	1200	2317562
1	1219	2319938
0	1196	2320554
3	1229	2322637
2	1181	2323079
3	1163	2324221
2	1201	2324275
0	1240	2325219
1	1227	2325955
2	1218	2326193
2	1214	2329835
1	1185	2330317
4	1231	2330380
0	1155	2331091
0	1207	2333191
2	1164	2334326
0	1178	2334446
4	1237	2334878
1	1169	2336867
1	1178	2339113
3	1209	2340053
0	1213	2340650
1	1211	2343437
4	1165	2346408
0	1221	2346781
1	1246	2347354
4	1189	2350090
0	1184	2351152
4	1184	2351876
1	1240	2351897
3	1207	2352193
0	1227	2352516
2	1181	2352998
4	1216	2354660
3	1174	2355326
0	1230	2355412
3	1228	2357129
0	1217	2361334
3	1191	2361342
1	1183	2362980
4	1170	2363323
2	1168	2367746
4	1210	2368057
0	1175	2369780
2	1223	2370544
3	1220	2371206
2	1169	2372943
4	1247	2373076
1	1155	2375060
2	1233	2375897
3	1177	2376077
4	1207	2380664
4	1248	2384540
0	1181	2385089
2	1206	2385635
3	1233	2386482
2	1189	2389355
3	1218	2389392
4	1156	2390401
2	1220	2391823
3	1176	2391891
4	1233	2392940
1	1176	2393642
1	1239	2394823
4	1177	2395320
3	1209	2396586
0	1245	2396863
3	1212	2398677
0	1156	2400646
4	1152	2401263
2	1240	2402870
4	1152	2403421
4	1212	2406137
1	1183	2406932
2	1230	2406975
3	1239	2408119
0	1244	2410341
2	1223	2410856
4	1195	2412422
3	1197	2412471
0	1233	2412881
3	1199	2414651
3	1185	2416625
3	1225	2418587
4	1160	2420296
3	1165	2420387
0	1181	2421214
1	1172	2421260
3	1155	2422888
2	1229	2423590
0	1183	2424610
4	1185	2425717
1	1194	2426871
1	1238	2429411
2	1166	2430065
4	1166	2431288
0	1166	2431440
3	1232	2433769
3	1218	2435963
0	1184	2437470
1	1169	2437645
2	1234	2438957
0	1235	2439993
3	1157	2440925
3	1242	2442864
2	1189	2443774
0	1222	2446774
4	1183	2447166
3	1231	2447731
0	1233	2448928
0	1205	2450177
2	1201	2451157
4	1200	2451211
3	1169	2452600
3	1249	2454005
4	1239	2454353
0	1242	2455189
2	1160	2456705
2	1174	2458659
1	1206	2458703
3	1180	2458750
4	1188	2460440
1	1227	2460502
4	1240	2462266
2	1195	2462504
0	1213	2462705
3	1213	2465159
1	1167	2467534
3	1223	2467640
4	1240	2469100
3	1153	2470299
0	1226	2471133
1	1153	2471578
4	1165	2472183
3	1186	2472890
2	1214	2473845
4	1156	2474960
4	1219	2476975
1	1200	2478948
4	1226	2479087
3	1158	2481788
4	1160	2482106
0	1195	2483883
1	1156	2486011
2	1200	2486561
0	1236	2488397
1	1225	2488650
1	1186	2490965
2	1173	2491639
3	1249	2491832
0	1170	2492633
2	1221	2494355
0	1237	2494536
2	1229	2497048
0	1236	2497334
0	1239	2500188
2	1193	2500890
3	1207	2501944
2	1228	2503080
0	1166	2505498
3	1228	2506521
4	1215	2506666
0	1242	2506706
0	1209	2508563
4	1200	2510670
4	1172	2512548
0	1178	2515600
2	1186	2515837
3	1249	2516503
3	1200	2519819
2	1206	2519979
3	1172	2521173
3	1241	2522468
4	1243	2522771
2	1209	2523243
0	1223	2523562
3	1238	2523995
4	1233	2525100
0	1173	2526134
4	1168	2526794
1	1198	2527067
0	1215	2528451
2	1222	2528804
4	1222	2529168
1	1188	2532742
4	1227	2533195
1	1155	2534561
2	1151	2535264
1	1171	2535723
4	1212	2535916
2	1240	2537092
1	1172	2537886
0	1172	2538144
1	1187	2539647
2	1241	2540280
0	1159	2542046
4	1221	2542812
1	1177	2544238
2	1232	2545220
0	1224	2545315
0	1188	2548054
2	1180	2551803
1	1153	2552856
4	1159	2554741
3	1151	2555132
1	1183	2557604
3	1172	2557923
0	1189	2560889
4	1205	2562170
1	1168	2562591
1	1197	2564263
3	1204	2564755
4	1190	2568118
0	1188	2568463
1	1174	2568585
3	1203	2568871
2	1248	2569342
4	1240	2570540
1	1200	2572888
0	1214	2574262
4	1191	2575231
1	1249	2577111
1	1156	2582495
3	1179	2583572
2	1201	2584759
3	1197	2585778
1	1241	2586385
1	1235	2587760
3	1203	2588201
4	1154	2589287
1	1241	2590469
0	1245	2592240
1	1156	2595982
4	1245	2599414
3	1181	2599470
4	1202	2601052
3	1248	2602634
4	1178	2603062
2	1241	2603754
1	1234	2606012
3	1160	2606015
2	1237	2607165
3	1226	2608525
2	1170	2608593
0	1221	2609958
3	1242	2610474
1	1198	2611317
4	1181	2611760
3	1228	2613495
0	1246	2614971
2	1183	2617350
4	1199	2621063
2	1243	2621621
0	1154	2622211
1	1180	2623243
1	1200	2625209
4	1226	2626948
2	1229	2627436
1	1155	2627551
2	1156	2629940
2	1177	2631110
2	1222	2632311
0	1174	2632664
4	1167	2634766
1	1240	2635840
0	1154	2636006
3	1164	2636955
0	1236	2637210
1	1152	2639187
2	1217	2639897
3	1159	2640505
1	1229	2641619
2	1163	2641749
0	1224	2641880
3	1212	2642052
4	1177	2644955
4	1167	2647340
2	1200	2648757
3	1165	2652171
4	1179	2653018
4	1234	2654400
1	1198	2655267
3	1224	2655467
3	1173	2656783
3	1158	2659212
1	1172	2659928
4	1160	2661388
2	1243	2662373
1	1183	2662491
4	1218	2662916
1	1225	2663952
3	1170	2664625
2	1245	2665038
4	1182	2666519
3	1169	2667542
1	1190	2669030
2	1180	2669036
4	1180	2672187
3	1239	2674955
2	1189	2677975
4	1210	2678249
1	1158	2678802
3	1198	2680753
0	1241	2680935
3	1213	2682637
1	1157	2682996
2	1181	2684137
0	1218	2684521
1	1241	2686113
2	1173	2686475
3	1180	2688021
1	1233	2689598
4	1245	2689704
0	1213	2691778
1	1213	2694145
0	1151	2695199
3	1197	2695830
4	1190	2697724
1	1202	2704021
3	1222	2704093
4	1189	2706204
3	1215	2706299
2	1249	2707760
1	1167	2708727
2	1153	2709626
0	1222	2710350
1	1241	2711671
3	1174	2711892
2	1174	2712142
4	1244	2715103
2	1199	2715501
0	1248	2715607
1	1200	2717186
0	1183	2720153
1	1181	2720197
0	1222	2721863
2	1163	2722763
4	1221	2724461
0	1241	2724775
3	1156	2726468
0	1205	2727554
3	1202	2727920
1	1216	2727981
1	1155	2730304
2	1197	2730716
2	1192	2732187
1	1229	2732661
0	1163	2732733
1	1217	2734177
4	1238	2734897
1	1243	2735770
3	1188	2736018
2	1226	2737307
0	1206	2737383
4	1196	2737774
1	1189	2737965
2	1239	2739977
1	1183	2740969
2	1159	2742258
4	1164	2744606
1	1214	2744627
1	1181	2746856
3	1243	2749698
1	1235	2751050
1	1169	2752440
2	1239	2756473
4	1248	2756938
1	1200	2758283
2	1186	2758709
2	1227	2760363
4	1179	2761521
3	1234	2761968
1	1170	2764719
0	1175	2765150
2	1226	2765189
3	1235	2772943
0	1201	2774432
2	1236	2774538
3	1170	2775892
0	1246	2778045
2	1236	2778551
0	1244	2779777
2	1178	2781158
3	1163	2781325
0	1198	2781741
4	1180	2782486
1	1219	2783140
0	1169	2783457
3	1247	2785646
1	1187	2785896
1	1209	2787168
3	1174	2788030
0	1240	2789200
4	1190	2790729
3	1243	2790985
2	1212	2791229
1	1245	2791526
0	1236	2792225
3	1172	2792274
4	1186	2792408
1	1199	2795971
2	1158	2798663
3	1179	2799054
1	1184	2799432
4	1153	2803338
0	1222	2803979
1	1213	2805911
2	1202	2807145
2	1173	2809203
1	1169	2809331
0	1242	2809557
3	1202	2811529
1	1238	2811799
2	1219	2814932
4	1197	2815087
0	1196	2817882
2	1204	2817961
4	1170	2818999
1	1191	2823232
0	1248	2823454
4	1219	2827839
3	1152	2828819
2	1218	2829903
3	1190	2830812
4	1168	2830819
2	1228	2831504
0	1196	2832604
0	1158	2834159
4	1222	2835521
1	1225	2836247
2	1213	2837699
3	1232	2838371
1	1224	2838416
4	1194	2840593
1	1215	2841067
3	1188	2841162
0	1242	2841993
1	1200	2842451
4	1221	2842464
2	1172	2843945
1	1172	2846125
3	1220	2849228
1	1246	2849306
3	1194	2851813
4	1175	2852180
4	1154	2854152
1	1218	2857185
4	1192	2858387
0	1200	2859343
4	1203	2859993
3	1244	2860197
1	1221	2860788
2	1184	2861839
3	1201	2861939
1	1175	2863428
2	1195	2863574
3	1184	2863845
4	1169	2864642
3	1186	2865050
1	1220	2865397
0	1235	2866359
1	1162	2869063
4	1210	2869247
3	1169	2870380
0	1174	2870485
4	1175	2870838
3	1196	2872579
0	1189	2873034
4	1165	2873640
1	1212	2875313
2	1195	2877732
3	1158	2879258
0	1211	2882288
1	1226	2882452
3	1237	2883051
4	1157	2883088
4	1222	2884592
3	1203	2884893
1	1172	2886074
2	1195	2886724
4	1242	2887542
2	1157	2888606
4	1181	2889151
1	1226	2889287
0	1237	2890814
4	1168	2895163
1	1174	2895517
1	1213	2898200
0	1177	2898331
3	1185	2898746
2	1214	2901002
3	1198	2901859
0	1161	2902961
1	1156	2903420
2	1230	2905313
1	1188	2905920
3	1161	2906233
0	1231	2906528
1	1179	2907427
4	1185	2907867
2	1210	2909551
1	1234	2909901
4	1192	2910714
4	1200	2912219
2	1244	2912993
0	1174	2913839
4	1184	2916330
2	1219	2917388
1	1201	2917621
3	1208	2918589
0	1230	2921336
3	1245	2923391
1	1200	2923551
0	1183	2924285
0	1165	2925539
4	1239	2926189
1	1239	2926839
4	1170	2927468
1	1237	2928831
2	1189	2929018
3	1156	2930116
4	1233	2931228
3	1175	2932532
4	1245	2932965
2	1178	2934892
4	1204	2935315
3	1217	2936992
2	1151	2937204
1	1170	2937292
0	1157	2939270
0	1170	2941798
1	1151	2941969
2	1186	2943725
2	1182	2947114
2	1214	2948514
3	1169	2949674
0	1219	2949760
2	1199	2950096
3	1207	2952540
2	1162	2952947
1	1162	2954276
4	1166	2955020
3	1248	2955045
2	1221	2956465
2	1165	2958176
1	1238	2958490
2	1151	2959495
3	1176	2959905
4	1152	2959960
0	1155	2961874
1	1226	2962518
0	1160	2963801
3	1201	2964395
4	1241	2970486
3	1225	2971071
2	1246	2972035
0	1160	2972075
2	1243	2973808
3	1236	2974084
2	1200	2975841
3	1222	2976416
4	1246	2976932
0	1153	2978263
3	1163	2978834
2	1173	2979308
0	1230	2981200
3	1203	2981324
4	1160	2982132
3	1158	2982551
0	1202	2983189
3	1226	2983933
1	1198	2988575
3	1237	2989570
2	1188	2990752
1	1217	2992238
4	1227	2992391
3	1182	2993769
2	1230	2994338
0	1164	2994582
3	1157	2996331
0	1237	2996659
1	1222	2998548
2	1221	2999816
3	1226	3000083
0	1193	3000213
0	1243	3001919
2	1225	3002324
2	1207	3003744
4	1177	3004016
1	1157	3004986
2	1177	3005128
1	1155	3006828
2	1201	3007121
3	1174	3007138
1	1157	3008048
3	1206	3008725
2	1188	3009178
1	1227	3010810
2	1211	3010890
3	1170	3010970
4	1192	3011390
3	1239	3012485
2	1237	3014499
3	1230	3015635
3	1231	3016909
2	1200	3016967
3	1184	3018501
2	1221	3020777
4	1229	3021721
3	1154	3025724
1	1157	3029310
2	1199	3029781
0	1191	3031119
4	1200	3031846
3	1161	3032516
0	1173	3033821
1	1192	3034494
4	1204	3035104
3	1248	3035137
2	1190	3035900
2	1239	3037895
0	1195	3040886
2	1157	3041356
3	1236	3041681
0	1151	3042211
1	1226	3042252
1	1163	3043499
0	1220	3043730
2	1195	3044038
3	1187	3045523
0	1187	3045754
2	1177	3047663
4	1201	3049907
3	1224	3050123
4	1213	3051754
0	1168	3051917
3	1200	3052186
1	1178	3053705
0	1219	3054621
2	1214	3056842
0	1226	3058520
4	1231	3058576
1	1158	3059051
2	1152	3059299
3	1227	3059336
1	1166	3061039
2	1200	3061175
3	1204	3062146
0	1206	3063124
4	1153	3063997
2	1205	3064109
3	1167	3064520
1	1218	3065245
4	1174	3065325
2	1179	3065371
2	1236	3066854
4	1181	3069498
1	1222	3069812
3	1214	3069998
4	1182	3070749
2	1178	3070793
3	1220	3072690
4	1173	3073399
1	1249	3073815
4	1228	3076095
1	1200	3076796
3	1228	3079825
0	1174	3080080
1	1160	3080662
2	1157	3082761
1	1204	3084049
2	1230	3086126
3	1201	3087580
1	1185	3087984
3	1158	3088916
4	1233	3089637
1	1162	3092553
4	1241	3094747
2	1178	3094869
0	1186	3096519
2	1153	3097002
4	1198	3098246
1	1217	3100326
1	1226	3103313
3	1164	3104523
0	1239	3104586
2	1178	3106596
3	1159	3107152
3	1190	3108615
0	1183	3109352
0	1200	3111436
1	1243	3112106
3	1205	3114789
4	1201	3115196
1	1189	3115923
2	1202	3116160
4	1174	3118913
3	1244	3119869
2	1194	3121851
0	1235	3122662
0	1223	3124523
2	1207	3125460
2	1198	3128336
3	1201	3130497
0	1163	3132939
3	1209	3134558
4	1189	3134999
1	1213	3136947
4	1206	3139156
1	1242	3139557
2	1203	3139998
0	1221	3140452
2	1223	3141295
3	1176	3142016
0	1210	3142968
1	1202	3143720
3	1179	3145379
0	1167	3145988
1	1197	3147527
2	1166	3149006
4	1155	3149029
4	1181	3150863
2	1197	3151154
0	1162	3151579
2	1184	3154073
3	1192	3154610
1	1196	3155670
3	1239	3156684
2	1230	3158349
3	1167	3158934
2	1212	3160083
4	1247	3160174
3	1181	3161923
3	1222	3163232
2	1180	3163344
4	1199	3164211
3	1213	3164500
1	1200	3166949
1	1156	3170395
2	1226	3170548
4	1167	3171241
2	1180	3173211
1	1228	3173551
4	1203	3174045
1	1155	3175406
3	1193	3176776
1	1187	3179769
4	1174	3182590
3	1175	3184166
0	1189	3184454
2	1209	3184627
3	1243	3186936
0	1166	3187256
0	1194	3188530
1	1212	3188890
1	1201	3190289
0	1155	3192241
1	1248	3195438
0	1235	3196884
1	1218	3197567
3	1230	3199309
3	1233	3201401
0	1225	3203068
3	1241	3204055
2	1164	3206365
4	1235	3206742
1	1212	3206919
3	1182	3208188
0	1160	3209524
1	1240	3209821
2	1171	3211367
0	1194	3211612
4	1179	3212752
3	1198	3212993
2	1229	3213128
0	1200	3213396
1	1180	3213868
4	1151	3215896
3	1206	3217681
4	1208	3218631
2	1168	3220617
3	1207	3221203
4	1228	3221305
2	1181	3222044
3	1194	3222885
2	1229	3223899
4	1188	3226416
0	1160	3227466
4	1236	3227681
3	1164	3229442
4	1154	3229972
1	1155	3230001
2	1235	3232714
4	1249	3233854
0	1189	3234804
4	1230	3235395
0	1229	3236254
3	1249	3236414
4	1216	3236684
3	1225	3240527
1	1195	3241012
4	1169	3242315
1	1233	3243011
1	1171	3244365
4	1197	3245692
0	1200	3247605
3	1162	3247972
0	1236	3248859
1	1216	3249256
0	1155	3250566
1	1209	3252381
4	1200	3253354
3	1178	3254858
1	1182	3257326
0	1183	3258488
3	1171	3259241
1	1241	3259624
2	1218	3260553
3	1196	3261205
2	1242	3262762
4	1225	3264310
4	1199	3267357
1	1249	3267510
3	1186	3269584
1	1170	3269631
0	1226	3270856
4	1163	3271007
2	1161	3271827
3	1241	3273320
4	1167	3274433
2	1243	3275993
2	1192	3278002
4	1189	3279573
3	1195	3280178
1	1203	3280764
3	1248	3281426
2	1225	3282865
0	1166	3283715
2	1189	3288247
0	1220	3290119
1	1208	3290444
0	1204	3292567
4	1174	3292819
2	1210	3295432
0	1221	3296959
3	1237	3299307
0	1227	3299659
1	1162	3300903
3	1187	3301881
0	1195	3301941
1	1172	3303301
3	1224	3306959
3	1151	3308994
0	1206	3309645
2	1163	3311315
0	1169	3311445
4	1171	3312073
3	1170	3315445
2	1173	3316034
3	1170	3319078
2	1203	3320994
0	1231	3321277
4	1219	3322168
3	1185	3322522
0	1154	3323742
2	1214	3325981
3	1238	3327074
0	1168	3327674
2	1159	3327828
3	1209	3331041
1	1224	3331206
0	1211	3331447
2	1217	3331515
1	1223	3332816
4	1177	3333077
2	1181	3333092
0	1172	3335499
3	1161	3335800
1	1207	3336650
4	1242	3337568
2	1210	3338978
0	1156	3340055
4	1173	3344773
2	1232	3347314
1	1223	3348108
4	1247	3349119
2	1179	3349498
4	1239	3352737
1	1164	3353520
0	1234	3353606
2	1184	3354639
4	1237	3355278
1	1239	3356687
4	1240	3356869
3	1224	3358994
1	1232	3359271
4	1205	3360209
3	1183	3361034
2	1246	3361162
0	1176	3366912
1	1196	3369149
3	1182	3369843
0	1167	3370570
2	1228	3371200
2	1187	3373091
0	1232	3373210
4	1203	3373949
2	1159	3375747
0	1181	3377311
0	1157	3380136
4	1169	3380146
0	1200	3382470
1	1198	3382526
2	1174	3383210
0	1234	3385253
3	1195	3386489
2	1203	3386491
4	1181	3387735
1	1179	3387866
2	1226	3388669
3	1193	3391252
2	1231	3392430
4	1157	3393210
1	1168	3393924
0	1188	3395226
3	1220	3396532
4	1154	3397817
3	1213	3397885
1	1235	3398529
4	1208	3399105
0	1206	3399266
2	1183	3400629
0	1198	3401619
4	1157	3402657
2	1190	3402895
3	1186	3404623
1	1170	3405381
0	1184	3406544
1	1219	3406652
1	1152	3408090
0	1158	3408255
3	1212	3409817
1	1239	3410476
4	1187	3411655
2	1219	3411923
1	1151	3412326
0	1232	3414361
4	1221	3414638
0	1208	3417617
2	1164	3418736
4	1213	3419037
3	1234	3420913
1	1154	3421164
4	1209	3422755
3	1246	3424654
4	1204	3425175
2	1159	3426693
4	1237	3427631
3	1232	3429111
1	1228	3429602
1	1176	3431281
4	1183	3432801
2	1201	3434305
3	1227	3434663
2	1180	3435666
0	1234	3437176
3	1151	3437665
1	1200	3437980
3	1157	3440166
0	1187	3441556
4	1196	3442085
4	1207	3443419
2	1218	3444713
0	1169	3445444
1	1157	3446763
2	1156	3447500
0	1177	3448269
1	1224	3450350
2	1227	3451433
2	1206	3452715
1	1185	3453535
0	1159	3453682
4	1243	3454918
1	1176	3455772
3	1169	3455973
0	1242	3456508
4	1157	3458014
0	1216	3458554
3	1178	3459161
2	1159	3459225
4	1188	3461485
2	1209	3461669
4	1165	3463103
0	1226	3464991
1	1177	3465090
2	1152	3465475
4	1152	3466126
2	1208	3466886
3	1182	3467369
4	1214	3470302
2	1176	3470752
2	1245	3473068
3	1223	3474080
0	1212	3476292
3	1228	3477458
2	1201	3477615
4	1212	3477809
1	1232	3478773
4	1227	3479083
2	1167	3479187
3	1241	3481861
2	1205	3482750
1	1211	3483725
4	1209	3485062
0	1231	3487705
2	1164	3488903
0	1153	3490930
2	1230	3491066
3	1151	3492073
3	1244	3493355
4	1216	3493779
3	1249	3498144
1	1163	3500762
0	1185	3501962
3	1160	3505732
0	1242	3506302
4	1224	3506574
4	1203	3509447
0	1154	3511018
4	1205	3512334
2	1188	3512550
0	1231	3512792
1	1159	3513373
4	1184	3513767
0	1219	3514149
1	1231	3514646
3	1160	3515428
3	1159	3517196
0	1230	3517674
2	1201	3518502
0	1171	3519005
3	1203	3519363
4	1218	3521219
3	1198	3522353
0	1158	3524531
2	1192	3526264
1	1244	3527523
3	1194	3529104
3	1228	3530444
1	1162	3530878
4	1230	3532005
4	1212	3533240
2	1153	3533643
1	1226	3534182
4	1239	3534860
3	1246	3535438
0	1183	3536042
2	1192	3536748
0	1206	3537452
3	1248	3538830
0	1240	3542343
1	1231	3542537
2	1155	3543068
4	1154	3544587
3	1171	3548297
1	1171	3548409
4	1239	3548441
3	1200	3549759
0	1194	3550193
4	1176	3550642
2	1244	3555412
2	1202	3556878
0	1158	3557593
4	1247	3559003
2	1153	3559843
4	1236	3561893
0	1158	3561909
3	1238	3562950
4	1202	3565348
2	1191	3565431
1	1236	3566671
0	1202	3567725
4	1169	3570263
3	1158	3570399
0	1221	3570699
4	1198	3572109
3	1186	3572981
4	1174	3574717
1	1205	3574925
4	1195	3575943
0	1170	3577482
4	1190	3579258
1	1225	3581326
3	1237	3582379
4	1157	3584577
2	1228	3585082
2	1207	3588379
3	1245	3589840
1	1156	3591333
3	1224	3592282
0	1227	3593416
1	1201	3593796
4	1199	3594934
1	1166	3596026
3	1203	3596868
0	1198	3599868
2	1171	3600261
4	1217	3601591
4	1174	3604390
0	1195	3607186
4	1168	3607391
2	1183	3608585
3	1206	3609982
4	1245	3611220
3	1247	3612874
1	1179	3615602
3	1234	3615699
2	1188	3615991
3	1196	3618006
4	1176	3618952
0	1212	3619519
2	1156	3621863
3	1239	3622322
3	1208	3623768
3	1190	3629687
2	1153	3630266
0	1179	3631532
4	1223	3632711
3	1233	3633147
2	1249	3633983
0	1171	3634237
4	1161	3635626
0	1218	3635706
1	1225	3636574
2	1171	3636728
3	1222	3638238
1	1219	3638420
2	1226	3639331
0	1181	3640476
3	1180	3640512
1	1197	3641050
2	1232	3642532
0	1152	3643122
3	1170	3643632
2	1242	3644616
4	1206	3644851
0	1194	3644895
1	1189	3647615
2	1161	3647755
4	1182	3650152
0	1179	3650241
1	1204	3650567
1	1225	3653536
0	1227	3654109
2	1215	3654281
4	1209	3654468
3	1184	3655303
4	1230	3656252
3	1180	3657172
0	1166	3657478
3	1243	3658517
4	1197	3658702
4	1247	3660827
1	1166	3661167
0	1189	3661331
2	1249	3661656
3	1240	3662571
4	1174	3662813
0	1180	3663824
1	1204	3664831
3	1151	3665894
2	1235	3666117
0	1185	3666174
3	1247	3668919
3	1217	3671805
2	1217	3672712
1	1227	3674794
1	1209	3676071
4	1166	3676704
0	1225	3677026
1	1214	3677371
2	1245	3677765
0	1160	3678409
1	1186	3680444
0	1169	3681841
1	1241	3683587
1	1202	3686377
1	1181	3690180
0	1209	3690342
4	1234	3691197
2	1169	3693970
2	1165	3695552
0	1240	3696138
1	1222	3699127
4	1191	3701763
3	1171	3703207
4	1241	3703464
0	1151	3704113
4	1152	3706040
1	1160	3706340
0	1177	3707749
3	1185	3709688
1	1181	3710225
1	1172	3712853
0	1240	3713145
2	1207	3714398
1	1182	3715153
2	1180	3716051
0	1163	3716506
4	1179	3716629
1	1233	3717135
1	1153	3718726
4	1241	3718967
2	1216	3720901
0	1190	3721036
1	1218	3721272
3	1157	3721973
2	1187	3722134
4	1239	3722355
0	1171	3722951
2	1217	3723362
4	1187	3723879
3	1184	3724391
1	1213	3724807
3	1242	3726275
0	1197	3726484
2	1155	3727077
4	1208	3730723
0	1204	3731332
4	1154	3733924
0	1187	3734419
1	1153	3734469
0	1224	3736739
0	1236	3738435
4	1152	3739729
2	1168	3740039
3	1247	3740862
1	1203	3741147
2	1163	3741499
3	1173	3743804
1	1177	3745544
0	1194	3747733
4	1171	3748571
3	1201	3749034
1	1159	3749140
0	1201	3750790
4	1228	3750942
2	1192	3754870
3	1169	3755160
0	1237	3756544
3	1182	3758410
1	1199	3764306
3	1168	3766247
4	1246	3767216
3	1228	3768317
4	1179	3768704
3	1233	3769955
4	1158	3770059
0	1153	3772023
2	1208	3773538
3	1249	3773594
1	1229	3774793
3	1209	3775568
1	1169	3776790
3	1151	3778164
3	1242	3781873
0	1169	3785531
3	1233	3785641
1	1236	3786887
2	1188	3787017
0	1194	3787685
0	1159	3790990
1	1201	3792245
0	1194	3793442
2	1168	3794062
3	1196	3794178
0	1238	3794644
2	1237	3795249
4	1218	3797169
1	1155	3798512
3	1198	3798953
0	1212	3802463
2	1173	3802789
3	1229	3805915
1	1175	3806275
3	1202	3809360
0	1211	3811401
3	1183	3811430
4	1220	3811788
1	1190	3812771
0	1223	3814000
3	1208	3815905
1	1179	3816718
2	1240	3816902
4	1174	3817563
0	1237	3818705
3	1166	3819011
2	1196	3821134
1	1230	3821960
3	1199	3822798
2	1170	3823199
2	1243	3825752
1	1219	3826106
3	1167	3826686
0	1209	3826911
4	1185	3827811
0	1211	3828561
1	1231	3828927
2	1203	3829281
0	1156	3830524
4	1191	3831440
1	1157	3834611
0	1167	3834974
4	1241	3835168
2	1207	3835256
3	1243	3836339
2	1206	3836778
1	1172	3836918
4	1178	3838371
2	1168	3838513
4	1229	3841971
3	1171	3846842
1	1212	3847553
0	1169	3848111
3	1193	3851522
1	1218	3852096
2	1155	3852282
3	1225	3852992
4	1201	3853543
4	1175	3856986
0	1217	3857087
3	1187	3857774
2	1236	3860410
3	1212	3861271
1	1202	3862210
4	1166	3862957
3	1211	3863812
4	1236	3864245
3	1240	3865390
2	1245	3865874
1	1157	3867206
3	1176	3868484
2	1191	3868924
1	1231	3869636
3	1158	3870025
2	1211	3872422
0	1234	3873831
1	1238	3874658
2	1162	3875081
4	1235	3875427
3	1241	3875567
1	1218	3875903
2	1155	3876942
0	1200	3879382
1	1200	3879649
4	1212	3880611
1	1175	3881378
2	1166	3881548
1	1191	3883333
2	1153	3883472
3	1230	3883518
0	1175	3885560
4	1191	3886171
3	1238	3888613
1	1178	3889940
3	1190	3891098
0	1178	3893288
3	1155	3894772
1	1200	3895943
2	1194	3899228
3	1189	3900099
3	1249	3903593
1	1200	3903826
3	1232	3905007
0	1240	3907532
4	1226	3908111
1	1203	3908203
1	1194	3909876
0	1182	3909969
3	1218	3910071
3	1202	3911337
2	1176	3912547
3	1217	3913139
0	1195	3913318
4	1166	3913723
2	1216	3914952
0	1246	3917356
1	1182	3923602
3	1227	3924352
2	1153	3924522
3	1180	3926935
0	1249	3929004
3	1187	3929504
2	1154	3929916
3	1165	3931126
2	1227	3932058
4	1236	3932316
2	1200	3935588
1	1246	3935848
0	1174	3938148
2	1186	3938314
1	1197	3940036
0	1221	3940276
3	1154	3941813
3	1233	3943223
4	1177	3943958
2	1233	3944071
3	1170	3945066
2	1245	3945856
3	1178	3947453
4	1187	3949374
0	1186	3950388
1	1173	3952413
0	1174	3953095
1	1207	3956001
4	1242	3960537
3	1198	3961958
2	1217	3962257
4	1200	3963405
1	1184	3963414
2	1210	3964433
3	1226	3964704
0	1191	3965346
0	1200	3967118
4	1196	3968865
0	1181	3969381
1	1213	3969475
2	1153	3969947
3	1203	3971602
0	1155	3971814
4	1193	3972065
1	1166	3972691
3	1220	3974926
1	1237	3975998
4	1189	3977524
0	1160	3978060
2	1202	3978332
4	1225	3979168
4	1152	3981486
2	1162	3981955
3	1209	3982181
0	1161	3982372
2	1226	3983205
3	1246	3983711
0	1233	3984647
2	1172	3985525
4	1211	3985672
3	1201	3986694
4	1181	3989352
2	1192	3989893
0	1191	3991366
2	1206	3991961
1	1153	3994667
4	1246	3995481
3	1154	3997799
4	1218	4001508
1	1160	4003352
2	1156	4004037
0	1195	4006124
4	1197	4009998
2	1221	4010297
3	1193	4012024
2	1173	4012945
3	1197	4014669
3	1209	4016423
2	1182	4018780
3	1191	4018812
0	1197	4019567
1	1238	4019616
3	1227	4020834
4	1249	4024068
2	1208	4025648
1	1239	4029293
4	1244	4029881
3	1161	4031073
0	1209	4031079
3	1176	4033777
0	1223	4034157
0	1243	4036003
3	1187	4037669
1	1206	4037742
0	1194	4038628
4	1238	4038792
3	1221	4039481
2	1152	4041978
3	1215	4044570
0	1154	4044736
2	1206	4045063
0	1218	4046273
2	1166	4046396
1	1216	4047525
4	1168	4047985
0	1175	4048669
3	1170	4049169
0	1176	4050280
2	1229	4050980
4	1245	4051786
2	1206	4054408
3	1153	4055569
2	1235	4055807
0	1199	4057073
1	1224	4057790
2	1215	4059543
0	1197	4060194
0	1207	4061411
2	1228	4062198
3	1226	4065442
1	1190	4066225
1	1213	4070678
4	1165	4073425
4	1172	4076428
1	1242	4077121
1	1211	4078945
0	1223	4079275
1	1217	4080847
3	1228	4081765
2	1194	4083679
4	1226	4084039
0	1237	4085448
3	1158	4085988
2	1180	4086412
0	1221	4086812
1	1237	4086832
1	1160	4089093
3	1224	4089337
0	1193	4089671
4	1233	4090636
2	1210	4091863
4	1204	4092330
3	1181	4092824
2	1240	4093117
0	1203	4093208
3	1157	4094725
4	1229	4095343
2	1197	4095910
3	1163	4097690
4	1182	4099515
2	1152	4100519
3	1232	4103592
2	1164	4105922
1	1207	4106882
4	1209	4106940
1	1182	4108451
2	1186	4109176
2	1238	4110527
0	1233	4111074
4	1203	4111142
2	1227	4112036
4	1168	4113968
2	1238	4114344
0	1242	4115144
1	1180	4115312
3	1157	4118186
0	1200	4118698
1	1194	4120013
4	1238	4123592
3	1239	4125673
1	1155	4127213
2	1202	4127479
1	1180	4128550
2	1217	4128854
4	1178	4129074
3	1226	4129499
2	1205	4130156
1	1245	4133354
0	1189	4133950
2	1187	4134546
1	1218	4134971
3	1167	4139042
1	1205	4139756
0	1176	4140434
0	1238	4142954
2	1188	4143649
3	1230	4144746
1	1235	4145511
4	1187	4145868
2	1249	4147376
0	1181	4147747
2	1156	4149353
1	1189	4149845
1	1213	4152068
4	1197	4152542
2	1174	4153422
0	1171	4153482
0	1221	4156560
0	1235	4158105
3	1249	4158412
2	1169	4158969
1	1183	4159780
1	1204	4161656
2	1206	4163288
1	1217	4165353
0	1199	4166484
2	1233	4167760
1	1153	4169197
4	1220	4169738
2	1165	4169991
1	1173	4170996
2	1178	4171878
3	1187	4172770
0	1193	4173798
2	1223	4177231
1	1203	4177589
0	1174	4177633
3	1208	4177863
1	1199	4182018
2	1211	4184215
2	1197	4186397
1	1164	4186837
0	1169	4187013
4	1210	4187204
2	1219	4189406
1	1230	4189489
4	1244	4190573
2	1218	4191263
0	1155	4193148
3	1190	4193236
2	1162	4193265
4	1241	4195327
0	1156	4195460
4	1203	4197229
1	1152	4198396
2	1246	4199280
0	1182	4200078
1	1168	4200898
3	1229	4201134
1	1240	4202202
1	1205	4203946
0	1217	4203991
2	1242	4204072
1	1167	4206168
4	1186	4207410
0	1243	4208112
1	1241	4208382
4	1241	4210894
0	1169	4211156
3	1215	4211667
4	1170	4213502
1	1189	4214969
3	1194	4216953
1	1200	4217425
2	1152	4218068
0	1178	4218374
4	1180	4218441
1	1176	4219213
3	1155	4219526
1	1198	4221583
4	1166	4221597
2	1173	4221850
2	1183	4223035
1	1244	4224032
0	1156	4224810
0	1219	4227033
3	1151	4227321
2	1153	4227477
1	1228	4228797
4	1187	4230437
1	1216	4231428
0	1153	4232005
2	1206	4232570
3	1191	4234243
1	1152	4235191
3	1225	4235909
4	1247	4237232
0	1171	4237477
3	1193	4238210
4	1200	4239599
1	1190	4239909
0	1169	4240251
4	1182	4241407
1	1246	4241624
2	1206	4241702
4	1215	4243460
0	1166	4244174
1	1247	4245133
1	1159	4246501
3	1163	4246648
4	1212	4250718
1	1159	4251056
0	1224	4254274
4	1243	4255573
0	1171	4257507
3	1200	4259737
4	1223	4259760
1	1244	4261204
4	1166	4262525
4	1169	4263982
0	1230	4264664
4	1214	4267415
2	1244	4267889
0	1188	4268651
3	1233	4268680
0	1202	4270937
3	1222	4271146
4	1239	4272804
2	1240	4275597
4	1234	4276023
1	1188	4277107
3	1204	4277113
2	1185	4277876
4	1233	4279441
0	1211	4284443
3	1184	4284917
2	1216	4285036
1	1218	4286816
3	1177	4288268
4	1176	4288636
3	1156	4295618
2	1208	4297014
1	1204	4298115
0	1168	4299695
4	1228	4300663
3	1235	4302194
3	1192	4303641
2	1208	4304584
0	1174	4305669
4	1166	4306215
3	1210	4306332
0	1230	4306846
2	1235	4307461
3	1227	4307755
1	1153	4309239
4	1199	4309900
2	1182	4310490
0	1192	4311516
0	1234	4314547
1	1155	4314762
3	1156	4315242
0	1194	4316344
4	1173	4316356
0	1196	4317644
3	1180	4318261
4	1240	4319536
2	1216	4319850
0	1160	4321403
3	1187	4321586
0	1167	4325384
2	1204	4325718
2	1163	4327237
4	1196	4327833
4	1191	4329391
1	1158	4330815
0	1241	4331867
3	1199	4332488
2	1233	4334481
1	1181	4335400
4	1179	4336632
2	1182	4337622
2	1212	4339046
1	1189	4341875
3	1164	4341880
0	1194	4342402
3	1196	4343335
2	1182	4343484
0	1209	4345496
3	1235	4346311
4	1243	4347464
2	1174	4348652
0	1211	4349289
3	1241	4349699
2	1199	4353275
4	1157	4353299
3	1160	4355058
0	1224	4356226
2	1165	4357352
0	1176	4357920
4	1233	4357921
4	1195	4359381
2	1233	4361328
1	1181	4362052
0	1159	4363361
1	1215	4363372
0	1239	4364860
4	1216	4368165
2	1220	4368859
1	1241	4370400
4	1221	4372191
2	1228	4372825
0	1161	4376366
3	1220	4376848
4	1247	4378071
0	1162	4381379
2	1248	4382432
1	1236	4383544
2	1151	4384358
1	1211	4389164
0	1227	4390172
2	1220	4390638
1	1167	4391536
3	1166	4392666
4	1178	4392811
3	1233	4395149
2	1223	4396100
4	1172	4398461
3	1180	4399399
4	1227	4401957
0	1183	4402162
0	1244	4406958
2	1152	4407137
4	1244	4408498
0	1214	4411196
3	1162	4411714
4	1174	4411942
3	1179	4413949
4	1220	4415402
2	1246	4419031
3	1235	4420023
2	1216	4422968
1	1174	4423065
1	1157	4424496
4	1230	4424510
0	1246	4425360
1	1226	4429349
2	1212	4430240
2	1246	4431571
2	1185	4433364
1	1246	4433434
4	1207	4433612
1	1219	4435249
1	1249	4437572
2	1162	4439065
1	1238	4439387
0	1160	4439421
2	1184	4441287
3	1241	4442142
3	1224	4444801
4	1180	4445273
2	1220	4449063
1	1175	4455377
2	1230	4456566
0	1188	4457368
1	1244	4457612
4	1234	4457899
4	1154	4459621
0	1219	4460498
2	1218	4461009
3	1169	4464278
4	1151	4467377
3	1209	4468083
2	1205	4469879
2	1206	4471644
4	1172	4472190
0	1249	4472431
3	1215	4474145
4	1173	4474855
2	1198	4478746
3	1196	4478956
0	1181	4479429
2	1188	4481127
3	1180	4482382
4	1162	4482572
0	1239	4482714
3	1217	4485365
2	1189	4485556
1	1232	4486895
3	1161	4487885
1	1244	4488256
3	1222	4489807
2	1247	4490376
4	1203	4492270
2	1244	4493312
4	1159	4493644
2	1240	4494733
0	1193	4495043
0	1245	4496408
4	1158	4496684
0	1245	4497653
1	1174	4499122
4	1245	4500645
2	1186	4502145
1	1164	4503564
4	1174	4503644
2	1230	4504441
2	1187	4505862
3	1217	4506104
1	1202	4507039
0	1152	4507182
4	1159	4507319
2	1164	4510391
1	1160	4511003
0	1222	4511068
4	1246	4511468
2	1163	4512795
0	1161	4513118
0	1177	4515204
1	1248	4515823
1	1218	4517489
4	1215	4517687
2	1249	4518272
1	1184	4521969
4	1173	4522216
1	1239	4523403
0	1242	4524281
0	1236	4527038
0	1202	4528409
3	1205	4528543
0	1237	4530213
4	1207	4530363
2	1221	4530774
0	1166	4531513
1	1164	4533127
0	1209	4534590
2	1248	4535070
4	1209	4535313
1	1201	4536053
0	1185	4537851
2	1204	4538080
1	1191	4538198
0	1158	4539751
1	1171	4540173
0	1197	4542575
3	1200	4543199
4	1238	4543840
0	1183	4543908
1	1230	4544945
4	1206	4546393
1	1227	4546510
3	1177	4547555
0	1215	4553107
1	1164	4553322
1	1200	4555506
0	1237	4557604
2	1197	4559895
1	1207	4561041
4	1242	4561130
0	1193	4561830
1	1224	4562492
3	1247	4569405
1	1241	4569506
4	1225	4570681
3	1243	4570749
2	1181	4570816
0	1160	4571397
4	1155	4572312
1	1218	4572719
2	1153	4573427
2	1235	4575735
0	1246	4577156
2	1184	4577167
4	1178	4579132
0	1206	4579275
4	1219	4581244
4	1246	4585076
3	1210	4587355
1	1246	4588221
0	1188	4588331
3	1219	4589324
0	1185	4591258
2	1174	4591538
4	1172	4592027
2	1244	4593427
1	1192	4594073
2	1164	4594692
4	1241	4596225
0	1210	4596613
4	1162	4597711
0	1183	4598821
1	1184	4600370
3	1235	4601771
1	1227	4601993
4	1197	4602094
1	1172	4603339
2	1239	4603373
3	1214	4604757
2	1163	4606812
0	1218	4607038
4	1214	4607556
2	1205	4609208
2	1179	4610487
0	1230	4611861
4	1215	4613878
2	1161	4615117
1	1240	4615162
1	1162	4616709
4	1243	4617336
3	1242	4617499
4	1210	4619660
0	1218	4619769
2	1200	4620981
4	1193	4623121
3	1228	4623669
2	1228	4624177
4	1230	4625220
0	1224	4625796
3	1193	4627091
0	1215	4627764
1	1152	4628102
0	1243	4629504
1	1153	4630378
3	1235	4630454
0	1198	4631446
4	1166	4632272
0	1192	4632912
1	1222	4633124
3	1229	4633165
2	1167	4634323
4	1217	4634810
3	1235	4634890
1	1184	4635872
4	1180	4636309
2	1171	4638629
1	1170	4638796
0	1179	4639861
4	1179	4641357
2	1222	4641456
0	1234	4641797
3	1244	4642699
2	1166	4644790
3	1171	4648885
2	1225	4648988
4	1162	4649072
3	1221	4651808
4	1235	4652597
2	1243	4653175
4	1162	4656123
0	1166	4657035
4	1199	4657655
3	1196	4657684
1	1212	4658312
1	1196	4662636
4	1152	4665462
3	1243	4666122
4	1220	4668369
4	1165	4670787
3	1177	4673553
1	1208	4673872
0	1157	4674612
0	1241	4676087
1	1190	4676769
0	1197	4677875
3	1157	4679220
2	1153	4679261
1	1188	4679721
4	1195	4680880
2	1198	4681702
0	1188	4682335
3	1183	4683775
1	1209	4685922
4	1238	4688063
0	1225	4689200
0	1189	4692572
1	1177	4692959
2	1183	4693811
3	1168	4694025
0	1202	4694597
3	1169	4695476
4	1204	4696713
1	1186	4697423
2	1202	4698425
4	1181	4699277
2	1196	4699944
0	1173	4700404
4	1185	4701878
1	1221	4704037
2	1228	4706510
0	1164	4706537
3	1169	4707661
1	1189	4707694
1	1157	4709410
3	1177	4710873
2	1249	4710903
3	1204	4712404
2	1163	4714622
1	1160	4714906
0	1168	4716433
3	1220	4718138
2	1200	4718846
4	1194	4719976
2	1234	4720384
0	1212	4721766
1	1172	4722765
0	1185	4724598
2	1184	4729071
3	1183	4729106
1	1240	4729670
0	1233	4735316
2	1223	4736893
3	1210	4737169
4	1193	4738513
3	1199	4739135
2	1225	4739725
0	1231	4740234
2	1216	4742420
0	1182	4743501
3	1223	4744540
4	1161	4746552
3	1156	4747062
2	1217	4748528
3	1157	4749959
1	1194	4750119
0	1185	4751607
1	1214	4753474
2	1203	4754974
0	1197	4755280
3	1202	4756463
3	1169	4757934
1	1243	4758576
3	1155	4760029
4	1222	4760325
2	1155	4761416
0	1190	4762793
2	1231	4764030
4	1198	4764649
4	1219	4767016
1	1249	4768266
3	1197	4768282
4	1218	4771117
3	1184	4771722
2	1192	4771961
4	1244	4772451
3	1228	4774050
0	1160	4774161
1	1198	4776240
2	1170	4776592
0	1231	4778267
2	1211	4778587
1	1245	4783260
4	1223	4783945
3	1178	4785886
2	1212	4789023
0	1220	4789514
1	1203	4790458
2	1197	4790619
1	1194	4792153
2	1223	4792298
4	1186	4792369
1	1203	4794462
0	1152	4796190
4	1196	4796900
3	1201	4801225
2	1201	4801461
0	1222	4802415
4	1230	4802429
4	1173	4804819
3	1158	4805189
0	1210	4805865
1	1177	4806607
0	1215	4808186
1	1215	4808206
4	1214	4808409
3	1161	4810171
4	1163	4810868
4	1176	4813847
1	1218	4817953
0	1194	4820823
4	1213	4821383
0	1172	4822422
3	1179	4825733
4	1206	4825823
4	1152	4828306
0	1246	4830250
3	1204	4830559
1	1222	4832729
0	1179	4834659
0	1199	4836284
4	1224	4836464
4	1177	4839343
3	1157	4843439
4	1184	4843732
3	1247	4845438
1	1211	4845898
0	1197	4850649
4	1165	4851508
3	1235	4852142
4	1206	4853441
0	1153	4853968
4	1203	4856161
0	1210	4857640
1	1209	4857662
0	1217	4860143
3	1156	4860632
4	1241	4861421
0	1183	4862395
0	1197	4866701
4	1192	4867247
4	1167	4868613
1	1163	4870155
3	1154	4871278
3	1243	4872580
0	1158	4874152
3	1169	4879443
1	1224	4880152
3	1181	4881079
0	1182	4881856
4	1154	4882299
0	1207	4883262
1	1174	4884071
1	1183	4885670
0	1194	4888400
3	1197	4888609
4	1164	4891606
4	1222	4893489
0	1171	4895039
1	1184	4895509
4	1201	4899290
0	1152	4899872
3	1209	4903421
0	1173	4904323
1	1248	4904418
0	1169	4906060
4	1227	4906319
3	1213	4906935
0	1197	4908892
4	1156	4911185
0	1177	4911883
3	1192	4912531
3	1236	4914407
1	1240	4917115
3	1244	4918104
4	1157	4918136
0	1237	4920188
4	1229	4922431
0	1213	4922916
1	1184	4923326
0	1246	4924852
1	1171	4925472
1	1220	4931173
0	1218	4932067
4	1244	4932820
4	1213	4935465
0	1176	4936332
3	1197	4937247
0	1184	4938181
3	1220	4941371
4	1238	4947240
0	1188	4947393
1	1226	4947516
1	1235	4948808
0	1239	4956758
3	1236	4957095
1	1217	4957206
0	1171	4958771
4	1242	4960435
4	1192	4964303
3	1238	4964366
1	1227	4965172
0	1162	4967632
3	1169	4968208
0	1175	4970133
4	1222	4971529
3	1167	4971964
1	1237	4973267
0	1181	4973357
4	1162	4976749
3	1203	4977021
3	1220	4978715
4	1156	4979579
3	1192	4981094
1	1190	4982988
0	1194	4983152
1	1200	4984363
1	1187	4989065
0	1202	4990063
1	1215	4991800
0	1208	4996717
1	1227	4999393
0	1169	5001155
1	1177	5003083
0	1166	5006693
1	1187	5009178
0	1152	5012455
1	1157	5014346
1	1247	5024868
1	1211	5030357
1	1211	5034467